15.956163735545505 0.393956298534420 0.493254907567549 
1.057192182278667 0.738400140667998 1.061971285595066 
0.613517594709988 15.951504105516879 1.736673207339402 
1.165201015600510 1.209147233484691 2.114290041848019 
15.864652949621696 16.174330390444510 6.072266748556030 
1.167838013953382 0.829892252321239 3.079389667599827 
0.377108968899188 15.494608442914371 5.002604236834450 
1.970851467779173 0.173278122306158 7.498835984618906 
0.216113535138907 0.328340512052993 10.046492655740778 
0.628355454344152 1.843935947425276 9.989866490982454 
1.507922401730150 0.994277819102752 8.213092968147858 
0.720779260668091 1.146287696442340 10.804021998304787 
16.123082290654231 15.993309409336526 12.256118095290644 
1.032120788443123 0.434066587778822 14.025061646076622 
16.215961371794332 0.129624311493849 14.313954707914007 
1.120976163610535 1.273619358912722 15.175060906802424 
0.070563598445511 2.454260699688315 0.901968411316236 
0.862876170830573 2.999632073680235 0.661390226458951 
0.135653698254022 2.645975127206774 1.657384774305680 
0.797227042932767 0.416416533698481 3.936133423671428 
0.376223822034681 1.196869683112086 4.699233074749278 
0.094252683406177 4.484277543879106 6.027248682910290 
15.982444401271792 2.003385127567875 6.525189783940157 
0.827180894094587 2.942856613274223 8.077364775716912 
0.370141397516328 1.569070394391501 8.005764822731289 
1.097681219291733 2.747199962845838 9.653290798524919 
0.671240854043976 16.221608684509604 9.431771968441753 
2.332413179722756 3.292448570199589 11.654862968436786 
0.600467893588941 1.996137910211492 12.244038520844413 
1.259643026393624 3.529599512410943 13.136086429327554 
0.173495383919647 2.084551150487560 14.439643259147733 
16.110207447983569 2.796948974022997 15.475161894502842 
1.520223339999776 4.021239058408321 15.582321265470920 
1.007294964285529 4.890292124773191 0.898372026440068 
0.211183912727989 4.252939882112891 2.058812151786601 
0.155036433439629 3.979002606240712 4.096108111943856 
0.499144105813341 2.935857010978881 3.168219918723268 
1.242375714058593 5.294427966465791 5.044382290663295 
1.060981233263313 3.997783881597027 5.393997385797588 
0.855243319918099 4.643001607247784 7.424902793943659 
0.179817225877711 4.246971926389432 8.707165586828452 
0.709270268358192 4.872996160046919 9.235088483202032 
15.100280060815027 5.363821450598685 11.689583107249694 
0.758378260590651 4.427045102119153 11.034787370169541 
0.328329277451694 3.354782148438011 11.326105729304828 
0.493460563808224 4.978416849999789 13.447357543409407 
0.120635560400313 3.849746772418671 15.579361513344105 
1.240633265976210 5.590381408938906 15.285968622820668 
0.843572496575580 5.888857461455050 0.390759933350807 
1.565951398428453 7.115449989835014 1.276916725478979 
15.712701918201217 5.013460329237247 1.514511930625453 
0.426347251338290 7.909337246692730 3.435567737726237 
14.870488334858926 4.874449568347187 3.736709680129492 
1.014967291147972 8.015862446893513 4.892530598666988 
15.971930962712930 6.679028136703335 6.258096805150627 
0.962176403812088 7.196238636646144 6.878666758231574 
0.209001792741248 5.689453438133372 7.854449445966663 
1.230454504638043 7.636059820697878 9.267287353737622 
0.352740333363794 5.905032440952656 10.064805839065659 
15.435229778591765 7.258617037694554 10.364845365051842 
0.085459967311213 5.965426338491974 12.468484294628826 
0.599628835146374 6.982857543350973 13.130894137783775 
16.090502787407761 4.838226009164298 13.780996197118482 
0.128108027409673 6.748056317355256 14.504206855310086 
0.936308757298206 7.781880952843369 0.564269426291039 
1.109497686049823 10.151710582468315 1.367863705413714 
15.958516605302702 8.299493371146308 1.903582328440963 
1.268149990102687 7.990540686675577 3.758818268212003 
0.683410093811419 9.394093243010790 4.439957881274058 
0.763299732608825 8.718340828439461 4.669847331462693 
16.182678263449308 9.493270586841074 6.510029550141072 
0.338145810480995 9.681596481480071 6.856988190874194 
15.583514985698988 7.749009712920837 8.189870741873591 
2.619933214670390 10.281908534925792 7.721580333140111 
0.018002703607001 8.404429733440589 9.122500332212576 
2.047820486319850 11.176804752486309 11.822505804859450 
15.406772299126105 8.293604585303941 12.108788109387831 
1.041465746270625 8.128351535066637 13.568785105331489 
0.577402314210654 8.201180614220599 14.247501909317437 
0.992413338033976 8.250245531239481 15.391510452180473 
15.849843345992960 10.363489745562029 16.227234774895862 
1.270384953179415 11.503845869572967 1.023972331677409 
0.278717384356753 10.936856631972683 1.724896534660139 
1.136570873825332 10.821449776011063 3.460610037433878 
15.908148281482154 9.147355219479657 4.034282597144848 
1.244849868231883 10.776362627888224 5.270349081191211 
15.792003948184108 11.451367709710029 6.917732848873758 
1.176608904887649 11.373597781072256 7.107856590130519 
0.011984294489913 10.496917617841980 7.676030614259341 
1.127212357419856 10.892570670330361 8.897624171879247 
15.402434698224395 10.177495633964309 10.078196552351981 
0.579519498628116 11.250089174332917 11.424407611830590 
0.477390501150870 9.747251127507383 11.995303853922243 
0.765468833827551 10.594706348484728 13.054789809798683 
15.484457589535536 8.778594901432969 12.336287566333958 
1.367060959616963 10.805464124193827 15.050845957207297 
15.306608483663036 11.635981840370739 0.994927181327389 
15.609875733642150 14.840032717647244 15.846219383957468 
0.338607012868291 11.584462838666848 2.423972814826604 
1.246181720019592 12.839978904455347 3.688962913599884 
15.800947234843443 11.933580929807638 4.164942600833268 
1.485968586204507 13.659451842213663 4.442727599308685 
0.237848782209791 12.379732018670540 6.121249938679428 
1.027906912440192 12.615344235209443 7.072256693209750 
15.911755695437499 12.232060390574359 7.912175207498563 
0.832050805752744 12.966296025401586 8.628895115444561 
0.323988395363941 12.239870121903136 10.711104631560868 
0.670533490866429 12.194776193032821 12.393745922782292 
3.045648530364423 11.041641574874891 10.822414287554247 
1.187175066844036 13.752835990738111 12.863910483814283 
0.072947909283708 12.353707946921185 13.904846375881458 
0.368865304772087 13.358728821621742 15.507843207497903 
1.149060483371150 12.643737892041141 0.562306561143734 
1.220949520335749 14.775309313899529 0.710274641200197 
15.608064464788292 15.821146120455017 2.609900433157116 
0.224999811638851 15.523996234585354 3.367796128294939 
14.749684810438616 13.766619420644604 3.452637244331627 
0.801450391924966 15.028503644309831 4.453240868154554 
16.030066916114997 14.550624942338953 5.907830185196694 
1.952704738378549 15.261946716819766 6.926033029659552 
15.685284432985606 14.910600859374862 7.786249110723245 
1.721440649700626 15.254914735856397 9.255118722723536 
16.076562270935341 14.255836318757352 10.096326805911689 
0.678370657959385 14.391445816352844 11.271450970962114 
0.388114429599353 14.342231089371436 12.849556505246007 
0.740436413835198 14.780729914603912 12.460501411347389 
16.024016552871807 14.607862132106062 14.132242976273705 
1.089553291826384 15.780106547581809 15.145542400184706 
2.171781649151555 14.013831403398115 15.940400171537124 
2.806770080828116 0.824161418120653 1.039998512526540 
2.676098376002429 16.013764609411371 1.435651115189325 
1.799553127182271 1.274622406832210 3.036371584528026 
2.406133673175197 15.664863668932187 3.315187686681925 
1.376524706462070 0.116333901239829 4.794317681939539 
1.575265015138274 15.737234840017850 5.848765809969095 
3.260161280172933 0.469037259020228 6.780246523106184 
2.462245735154196 0.007534054154861 7.820413382642372 
3.320218846334056 2.409816102789872 9.914244976187741 
2.065641611566881 15.879944419495317 10.449056303383326 
3.001959426789294 0.785675471189011 11.978719640637509 
1.005742447169857 15.477516764358940 12.013952771430370 
3.216269937285563 2.046309745992597 13.505683247283258 
2.394645458236049 0.168548128199136 14.335433530016482 
2.540046217189088 0.948887472383046 14.822770574276392 
2.714572745417347 1.673763796380323 0.417398293177325 
3.385319827607217 2.274025138201546 1.195229505210865 
3.650150474716158 0.806586716839181 3.313419143832921 
3.003999007946728 4.174601088293295 1.195680795458815 
1.300467042413816 3.176009012047105 3.538772650967341 
4.315246672449718 2.057494933705613 4.647597813025621 
1.815475294963863 2.113327804333631 6.170302505850397 
3.329090307738449 3.656476289067308 7.650340391726949 
2.207304493958120 2.081149578512445 8.447047668105849 
3.299144988179861 2.862981463619755 9.120993371096693 
1.812587365080942 1.407179915161341 10.949842060769280 
4.887172050615958 1.860542423540208 11.393025114126713 
1.553394839674846 2.997584534474179 11.227277874312973 
1.379830781724944 2.977262422719031 12.991253119768553 
2.091626831476879 1.692993948539348 14.454499159617347 
2.691098692253538 2.995596294938330 14.888088728408462 
1.624973825227564 3.421905688045456 0.952648047251502 
2.579386546437051 5.562266526442476 1.147713661922838 
2.615944661427041 4.429525035087197 4.033832336633401 
4.367484680208060 5.736467640055650 2.120702729054334 
3.264853609395595 2.665901356869729 4.500919806253344 
4.625618891399183 5.406889175434538 5.083862999281953 
2.295883193314200 4.287937203806617 5.527808730423063 
4.050719128142761 6.647954590394004 8.921526893172240 
2.536505895890584 3.752509343906047 9.087238519067880 
4.189484899827460 4.352510068427233 7.907006077220242 
2.167303736168582 3.087427966049420 10.054218908483444 
1.934999619706278 5.243973723953734 11.101079499951627 
2.339006383356672 3.643189605408535 12.711893236777726 
3.253008568228277 5.465832728060968 13.570265910465563 
2.257515898074072 3.897741414008717 13.909936205921559 
3.115351293330091 4.900982838544754 15.268605334997886 
2.248546011271692 6.206150369012211 15.967092087565371 
2.975641655802837 7.575261264112974 0.946579098629027 
1.341175619774967 7.259873046318711 2.578616878016439 
2.442289921630993 7.529702847844050 2.409824549880901 
2.043971274571134 6.054994432558989 4.124472747213414 
2.487385428648643 7.660462821832327 5.382023416413722 
2.404147945087788 6.309974341687177 6.863242170578193 
3.759388437966133 8.411506459797662 5.748916189972533 
2.268288825984163 6.050980373885018 7.702644408061270 
3.863985077966978 7.079171747752126 9.066062572709125 
2.405040466209556 6.098771567991565 10.058782437584121 
2.136305934832826 8.378689002634578 12.484174744436908 
1.965903173500446 5.982432255145157 12.565721469594608 
2.962336053260097 7.652822909407885 13.553819710697317 
1.442143798429301 6.419197035302526 14.330469125049850 
3.018945914035244 7.291338594412419 15.772852191523187 
2.255331063038581 8.587788084451017 15.702555949414409 
3.056778145801381 8.781678637511371 0.118008423050695 
1.479891347577212 6.070551986494472 2.782074059922878 
2.918724669241615 9.500891098040404 2.583798163500076 
1.759195423098693 7.591066352332082 2.297923979740013 
3.062897680331956 9.626181033449848 4.708416537087651 
1.944461012482401 8.029888969255254 8.712146850735378 
2.988255017871798 8.364088556556814 7.768272205656238 
2.622634291267844 7.309399143617044 6.815163264500377 
3.870241331343804 9.346884540278168 9.043861796788402 
1.680281813728098 7.071527559029042 9.831482748457923 
2.590332851349984 8.874140731165175 10.639692961659909 
3.369815285258379 6.606763393813352 11.300679428614130 
3.739298925520901 9.110088718579398 13.124081656898920 
2.828270708988192 8.240225894744896 13.837401846829652 
2.529767496859399 9.156806414896595 15.570033365054609 
1.907717621197023 9.672157696232096 0.127469832523822 
3.412839811390750 10.886094591651938 1.368202970033464 
3.205968948244364 10.349717064124016 2.129292687544075 
2.280049416594657 11.733332609620620 2.785485691916771 
1.611051984403083 10.678531629692122 4.019743115900382 
3.108884164331923 10.641463387492420 5.468714916930577 
1.630583881920211 10.120575295926557 7.290140443468229 
3.216970040330945 11.003881641830425 7.309737912466107 
0.974545635020143 10.013263504124046 9.569247520313351 
2.744697607675144 10.115043333942728 9.271676936173506 
1.692121340188551 9.718555722813306 9.858011425750503 
4.292788435275338 12.555495884953787 8.927982731753863 
1.099189990614745 9.910856533653169 11.322936994188682 
2.721303154472393 11.673787173753039 12.990066734573151 
1.820156287906833 10.063630813079891 13.511161506600676 
2.544874752092298 11.483481141300983 14.831595332560585 
1.618389159737929 11.760289336590214 16.171101248029309 
3.189718288502391 13.371256162609509 0.459915482737843 
1.941909701433823 12.063407733538723 2.129970913966248 
2.891677392321157 13.256703561328163 2.396107218889580 
2.596086609906946 11.818662109452342 4.125401908375169 
3.347908712051121 13.948410739941718 5.065947495995713 
2.179794500421644 13.272921910223335 5.613769248774058 
3.257580981373335 12.282809036152122 7.519732959712202 
2.396332797952193 12.804536051419287 8.406051207339115 
1.613008938334107 14.322648389457491 10.074843914862774 
2.079698506043209 13.312042846766253 10.456900043136741 
3.310766345665182 13.664092735662194 11.412952707435709 
2.259324587875225 12.039512419951256 12.184376372220047 
2.675639352310142 13.603216710283244 14.437615344647089 
1.718871312554677 11.702095926523256 14.343547960620098 
2.697859411457041 14.249547916105136 13.910692075388940 
3.469934905553734 14.347291295644135 0.247448270034287 
2.861291727872416 16.236877830860500 15.250428981445420 
1.979570502137660 14.513098629789067 2.439691793048217 
3.606138844941920 16.049602894543597 1.345562704658354 
1.974952749878134 15.594379079371285 3.992002068259026 
2.407933779137722 15.068508586125647 5.292506522948142 
3.234123212132148 15.287366005325879 7.511551842848244 
2.858700552889784 13.977961147176016 6.535952215022779 
1.328258292455941 14.488446430254037 8.085248043907782 
2.444965781774927 15.207826307798756 9.388794510751303 
1.752013518498703 12.507609809149180 11.655733591828382 
3.520000468260128 15.397780211429177 11.626737899477256 
2.238502855604953 14.271352494541127 12.236311296270031 
2.887673084304435 14.744709610794237 13.122496631448572 
2.538295448032268 13.644244310510972 13.143887261620703 
2.503307636806893 16.104501909487045 15.312009497488305 
4.303112796815145 0.457001382114788 15.993904308148412 
4.754581719833311 2.433775592071636 2.421349101245103 
3.749439365607106 0.396651863813415 1.406135195757892 
5.568576945705706 1.054854666475022 2.691083433996547 
3.104968768179091 1.116407563612613 5.067070631754486 
6.291105565304755 1.173592620506726 5.852652155776755 
3.476937695881364 0.028191520732019 4.644385858179270 
4.343489651332040 15.047888053608396 7.674586299926927 
5.048243497562226 1.354818602081674 7.342647130879300 
4.954444229763201 0.327552688921417 9.272023279369781 
4.584424625616310 15.282304118186625 10.019290533856703 
5.525126945111243 0.953570308727090 11.179167452062000 
3.581814995383948 0.843393812715144 13.123721516255479 
5.124685038540297 2.977418440314347 13.575895519340444 
5.009227986828448 0.084009484839992 13.797966701505658 
6.671539625186751 0.080931125189139 14.132971174834880 
1.644221676306590 2.487787610773025 14.995746411063150 
5.535258417239533 3.745087535886266 0.529831407510214 
5.142606136851895 3.181473514343607 3.011000219031311 
5.764224809285224 4.598905795171646 3.750048824586659 
3.683804109410894 2.877740411047044 3.609517702659510 
4.857631506949222 2.723660561024652 5.566155198979713 
3.699900427068641 2.355328692136947 7.028533583071585 
5.855019016028805 2.477403681252764 7.067835314493486 
4.225946377419645 2.418428921706687 8.275737216211374 
5.122393558888611 3.298334816303507 8.662386248965573 
4.013696998121488 1.598486588312595 10.860719993249948 
4.996428202317520 3.660249923293116 11.611558735450169 
4.526413581112211 0.792315150011599 11.608900540450430 
6.696355411298026 1.789098267585119 14.710271141293182 
4.581235850805762 1.446842783482853 14.744709455420585 
5.439445975289186 2.309325231203846 14.770362688642132 
3.899392072062081 3.396119469992190 15.592774645574037 
5.791949488410692 5.081797219546748 0.492797821265051 
3.941612883611200 4.453250701771551 2.470096726093816 
4.543650369093435 4.982789538730186 3.240862141559875 
3.612880575285729 4.036410523408669 3.852150173402861 
7.032848401676093 6.696470447788424 6.298097661261039 
3.616022829230078 4.257954077580915 6.097949642410052 
5.548128193128510 4.663202125028609 6.660876483716826 
2.695510656725449 4.704606298316855 6.602981051089785 
5.828458256532187 3.472679017971703 10.230162840465843 
4.054288099512378 4.783784994137638 10.505811545286249 
5.270204293076761 5.311786861408549 10.900967121002743 
3.581036632957519 4.085951893699375 12.097884310500453 
5.092881425240764 5.066079137722380 13.042322365566724 
4.231274217261588 4.019153294677174 13.933568553105580 
5.491851104999343 4.841989162999846 14.649597916306574 
3.559836022466724 5.895595412980134 0.509649120649395 
5.295314605386537 7.800546084446674 0.976682919124693 
3.669476613011095 5.023418868264434 2.908781224264752 
4.606516667678578 6.592009887915043 3.329647623456483 
3.730514965315353 5.789074218812598 3.587667089469843 
5.875539914806819 5.574848636237485 3.978287971903493 
2.363996636537023 5.954143738363026 5.729284380292875 
6.114567340018150 8.248856831154743 8.582052297081834 
2.772166479205319 5.261498538962355 9.186243326216451 
4.913930259766433 6.764605429045380 9.604975232512356 
4.060015184566706 6.099577967009543 9.744476919079149 
4.626715765766093 5.209853278070606 12.238661048604166 
4.225098025904694 7.144628994545487 11.457897169239130 
4.822920664255308 7.387317213504676 13.136170046598876 
3.866684359824337 6.310902334758826 13.459673331817456 
4.845568949176027 6.800075891890524 15.190789861667369 
4.015364870509269 8.371825770613969 15.905973665781186 
4.978869965987420 9.253286834476402 1.483388014331132 
4.128850282763563 8.458504278754020 2.075186564409355 
5.027348749296590 8.740452420175428 3.601477512486417 
4.192032613760902 8.225879214273967 4.217554621528990 
5.755758525143076 9.120544239600365 4.915021495460175 
4.068350257213084 7.238150114059582 5.482389082746528 
4.996702744303512 7.303481772723210 7.512247556332177 
4.217604973899750 7.934584525783119 8.524706816363340 
4.865415175928466 8.963825812765823 8.991399624778465 
4.207812461360025 8.140286308509618 9.317782207409129 
5.146518036539354 7.847005188694609 11.994541752325556 
3.143581158194249 7.424072690452421 11.495801933803552 
5.445867059983623 9.630635533071567 13.531906232679473 
4.477801346403458 7.610479087014746 14.273909547881090 
5.152669524880380 8.496676573619721 15.355962903618341 
3.567252070597625 10.661666273615241 0.111453372507860 
5.387854393049365 9.630068660674517 0.497183149702015 
3.968137459810147 10.798994481660397 1.734343692027187 
5.675248065545604 11.727242228046405 2.148151754204911 
3.102412081294633 10.425412511601412 4.608194570305502 
5.087712943154816 10.525930693187965 5.496717949891283 
5.039151651025312 10.025226881500991 5.603238260232279 
5.392522717416219 10.221799272126825 7.404416029132130 
3.578431872796135 10.359467190386665 8.100651663460118 
4.543573955263052 10.966657684080007 8.936596215263524 
3.303306233717542 11.029206947294037 10.292396902994966 
4.841908429196389 11.017532140289758 10.992126335530436 
3.973799720060018 10.716906323909081 12.415491911536197 
3.921510563889665 10.981124146560871 13.390721460472273 
4.248585577226377 9.876238896452140 14.509592871068124 
4.765350010435535 10.996270224202339 15.251675563572499 
4.093025593280395 12.729473134211563 0.537856928629072 
5.179374748448374 12.797934402485975 0.458593745603455 
4.084133642986116 11.851637417134604 1.729601239818259 
4.353712404957514 12.698873576578523 4.206782276359427 
3.678331106352916 12.436269639208613 3.786460690787022 
4.157229043540845 12.681867461332233 4.407259603837629 
4.389798958051287 11.740150915201090 6.407759910592196 
4.913496718668135 12.463108004105798 6.563237730613542 
4.237467593445867 12.266760628894554 8.905589380492748 
3.792890967373442 13.359746494127625 9.548598697320733 
3.888322853537454 12.074501380844675 9.716162919698990 
5.174663168677781 13.011234431055332 11.166982145395657 
3.981153331655347 13.082471563382008 12.901647438357509 
5.259099345029846 12.665205902863493 13.383460015222319 
4.252562429273092 12.265281869522399 14.402607889273771 
5.474659249453850 12.890586493204504 14.546946705757478 
4.279526223975431 14.454433426168148 1.022794045195874 
5.211403834321158 15.134371061569462 0.771836527760074 
3.143929286502451 14.527286800976334 1.247485593407220 
4.896870880436041 14.685358596204177 3.122718183075997 
3.920924565262144 14.184858422737998 3.069424004566683 
4.944123838837837 15.861884195169880 6.063129560841629 
4.312877736870520 15.285011330958170 6.097152486641484 
5.123233536831562 14.710710658543825 7.967374379695771 
3.629466013389349 14.315642629009846 8.211183309947625 
5.132105063523172 15.192310984379178 9.814817536743961 
3.425990748606600 14.007642473744781 10.383900506847052 
5.181157169763517 15.842487619941830 11.328952667028469 
3.932788859622986 13.587096553245670 12.442941622660657 
4.883990584353607 15.189390028665075 13.494215947692856 
3.732715602058033 14.229590487427551 13.698154035716017 
6.037312217913151 16.246972880850564 15.188689465851301 
6.306070840459589 14.252741568195992 15.930213431957023 
7.760200667586021 2.007836186263451 2.139716764782674 
6.174329026108330 0.027979306514499 1.903697465047999 
8.256495625446332 2.285054309331842 4.274902765529190 
5.079836250028309 15.789975893394788 5.016659936059817 
6.118120372268407 1.872346323175336 3.935592309125399 
5.983452477009380 0.427533009497254 6.471276540500611 
7.564928770844290 1.677398817939531 7.649954320784802 
4.470293448395275 15.561563038736049 8.485672303992184 
7.173602373809718 0.936568003452830 9.234427182692810 
5.852956110728247 16.131127622910913 7.716845868311008 
6.713913794582224 1.986531810471861 12.242831118112427 
5.825891507708341 0.039714794408081 12.468464352669246 
6.860113971628040 1.084768237900872 11.443323755389178 
6.651811221834497 0.904998437508307 13.748749355089569 
7.426748556766297 0.485630270580445 15.472204163902246 
6.113039750807541 2.408242597624098 15.986981557596190 
6.397085192518996 2.566108481997137 1.307402355958306 
6.991086867944237 15.789048820954768 3.353662549832169 
5.881106319964315 2.458176105217450 2.623855945975794 
7.205209630629194 1.649931152788259 5.738755253211098 
7.295642757466256 4.440124232733473 3.508155641961812 
6.207579789246331 2.196309287412342 6.493448382418863 
7.104248449853389 3.572227019288610 6.936493715766159 
6.408413377139621 2.181812589838935 8.620751080049645 
7.459259990605819 3.040420254819256 8.394501877206142 
6.870643616437830 2.658725728146448 10.602466224211641 
7.284691871265205 3.082900844154258 12.534493025619499 
4.506894526357559 2.024480894912105 14.366396313171128 
7.466186195618122 2.853053349601258 13.098130839498898 
7.477791639937527 1.204163755141562 13.072432147235265 
7.199750671871271 2.904598588144167 15.028451447241585 
6.401975803460400 3.849238437860670 15.891535197453470 
8.380863974864621 5.179905412882554 15.146233415061610 
6.152102845492959 3.852397016828256 1.299587390947761 
4.609057526033202 7.822898300442475 4.886337628649744 
7.689427682192237 2.518607234534056 5.134689357483927 
7.244805034751866 5.496838992968746 5.177249372756775 
6.174032540415463 4.333330696141675 5.904405205772702 
8.070549813532448 4.470412061186326 6.635176447379564 
6.301860064103513 3.972636449532631 8.874729195762072 
7.826866408911216 5.334326517934671 8.903622980459588 
5.743071033355974 6.182162024811611 8.919481820967256 
8.166934214170603 7.079872331919889 12.986347591494878 
6.655576737087384 3.998351291186836 12.184443837412557 
6.831635351436771 4.725099285497557 13.324443647735432 
6.235187764046113 3.213376028919705 13.390000157276669 
7.517608104365744 5.197537212219894 0.511884739922796 
6.307810264614057 6.018492537723382 0.339476672997502 
7.261009668359438 6.656619462382517 1.377151721728440 
5.985649215534301 6.549655868102645 2.573472640337985 
6.253240063199204 7.984561428072310 3.974846908291916 
7.446337651753948 5.739348469700880 3.215649381269061 
6.531572311691190 7.263816779577838 5.240006361501230 
4.252865242833776 5.890523047666788 6.629739043866967 
7.499703973039855 7.543562600071632 7.071507200696209 
5.713623059229525 5.576771967658628 8.729546697045182 
6.214517367066947 6.991614599467340 9.186138099014414 
6.380345611718780 8.481138402904668 10.231202263792179 
7.224256305154718 7.228713306542093 11.211537593697004 
6.327773749345042 5.994927909610167 12.639408481654616 
6.358956619732865 7.012603712724373 13.359383743375549 
6.548224306687067 6.404767305643673 14.213300574943558 
6.200891455539153 8.147902898385132 16.106874733919902 
7.807525645991666 7.169920654819945 14.769333564339611 
6.385262192756715 9.259600641734114 1.018952762688446 
5.685122418125661 8.875074161554030 1.864026543889644 
8.921001744370967 9.257140000782776 3.108130486937887 
7.422918288643338 7.638635821267332 3.602449836501118 
7.551515208428254 9.246513948148831 4.737210127897627 
5.137516812179344 8.404087218042992 5.870833838899767 
7.954290644775308 8.029892578909280 7.661836912133879 
7.092135068699686 9.206091105362697 9.636424585315043 
6.884243282694158 9.711231946353305 8.615762425408217 
5.634453676349253 6.767043464277752 10.125763409925108 
8.350597889697331 9.978402239733146 12.729536921725087 
5.773715559378838 8.428529978805644 12.524512579686446 
6.724391795143388 9.259452582778813 13.531344576469602 
6.685407729145514 7.198989494923805 14.412224964448237 
7.207519852290148 8.808978869201182 15.397392262035741 
5.994065555017205 11.452130469540164 1.761967867508514 
6.689025389726492 11.842226775975202 0.899578565999071 
5.246830396692006 9.937133302091132 1.926721834993635 
6.459359453332507 11.604797606932998 2.650498408049414 
5.058051906831612 10.424087263574096 4.300890179772779 
8.414585799099333 10.013239020941814 4.321273172174555 
6.571482909676396 10.629010567118531 6.554446147280238 
7.046830456949660 11.255660088193652 7.508414452324836 
5.732943590896286 9.302468277297647 8.312955266300358 
6.837261633404760 10.710470244828596 8.644492856107782 
6.147890378951808 9.988384626070465 10.948885409221051 
6.901360254581231 8.815606619217085 10.925604934045493 
5.850551872297887 10.092703796138514 12.392597288058337 
7.272275485267708 10.343906183090088 13.459738525550003 
6.792996739328127 10.512325252308264 13.907896274333147 
7.510045720667092 10.220917219690866 15.548276610134931 
6.727917016083184 12.338057393673797 16.069996709535815 
7.127444247461780 13.314079129784108 0.064325848253574 
5.953367140611096 12.819126312459639 3.913540939109261 
7.049106802245770 12.696919257613425 2.773102915208840 
5.224421904791548 11.099832463114286 3.333271453515420 
6.910152743383879 12.595370933180945 5.164373487497305 
6.487151343710375 12.468341968995205 6.512728798533332 
9.423334172287047 13.610293626107319 8.136717927200360 
5.967831888767886 11.823285172025365 8.020886348001575 
6.650514736459644 12.705135595448597 9.630854973560913 
5.410549929303911 12.587049432236576 10.199533174846124 
7.933025462416451 12.265912312788211 12.850273152478419 
6.186635609284554 11.806315532369538 11.930490327610848 
6.957864582097026 12.661443989822894 12.574739263006260 
6.175948160985954 12.086223039977561 12.949068535493074 
7.312133839420968 13.873335204012795 15.175470922984521 
5.089241695579192 14.542651871303987 15.530799010460877 
6.471354197858397 16.068573893255799 0.666159763982500 
6.128653786459712 14.337869846829300 1.669552160189233 
7.749461716702660 15.511799852307091 3.590313850701036 
6.637529745551548 14.145432510901076 3.646498709628341 
7.361257197451500 16.073662033907770 5.390101394754884 
5.468896901257721 14.278943113409310 5.679776526978976 
7.243201943983168 12.711148008547033 6.884055521334625 
6.099567768691229 13.802975955273569 8.682005583347692 
6.913723449688892 14.878729584630145 8.527977552359813 
5.948098304435268 13.223422384660873 9.869585618034920 
6.547898377030683 15.921044016864075 10.907295026206588 
6.651073565277694 14.337539770464215 11.368680976888554 
6.420240369298385 14.666866637252161 13.499090217533714 
5.960648451985363 14.008862700262229 15.008579959106457 
6.508798472123903 15.619298114596484 15.571887622789488 
8.115563938745481 0.028958832783974 0.407562995311498 
9.035033034053601 1.382941846810804 1.972581361143189 
7.593424959836340 15.956171741549850 2.472959240144707 
7.614367403876344 0.581733860558291 2.366890653173821 
8.912909013970767 16.229600219027304 2.777878826834066 
9.083827748040417 0.766911006855897 4.948357873371173 
7.951309301854152 0.505713610553462 7.174024853944149 
10.029256733056291 1.656127379299547 6.527211889025129 
10.191607984046051 0.497888310121761 7.397054649590786 
7.679957738710694 2.673257297285689 7.996259410024657 
7.820089610765177 0.419298386208463 10.172577283454682 
9.028622645206239 1.711069978540212 10.675778905524245 
7.779925964082579 15.724239675727723 12.099899526128596 
9.658223930890074 15.965347615753091 13.307221211536779 
8.005211734954187 0.237161465659202 14.214031303027229 
9.489895667741731 0.521906195077303 15.031255574737346 
8.205763133328777 1.264132337867088 16.177059596192763 
8.541942244382241 2.967281693787624 0.725511149220420 
6.768419845994411 1.325553654196396 0.094495343878482 
8.978806626714114 3.323121846418010 2.310746392631874 
7.843798146172262 0.450815192636772 5.788573462711787 
10.147532654804179 3.240914679725307 4.569543386025685 
7.810408327896681 2.023888630005461 6.991367722386650 
10.500153196426767 3.697339805964210 7.400223390889605 
9.272338658379926 3.795344660619780 9.368067367456826 
8.722693329529276 0.513661585349694 8.835470470845612 
8.619255344549369 1.630939241130307 10.267386253652665 
8.012888499935338 2.329907465280925 13.384850604624500 
10.698499343875669 1.376475928210650 12.296444959939338 
9.665652650683875 2.582494959181108 13.454229704889428 
8.347270428446358 0.942954243649104 14.213259836598787 
8.964801137005594 2.648545602540065 14.421330920392883 
8.736781979601384 3.446129092510286 15.301245352676860 
9.533703005221350 4.327799806918545 0.412733668619161 
8.348039694033950 3.805140448001620 2.060530792119007 
8.891597679645823 4.879290056633667 3.344152500225774 
8.016502805036582 4.642879578192954 3.899854336854841 
9.286073728660373 5.522949577185145 5.990009060288012 
7.101486360231744 3.765990541769041 5.708369083742812 
8.587062418394678 6.792680228497782 7.181786012379644 
7.804983066607346 3.920838119458323 8.543082980662017 
8.682549699378177 4.561274112044035 9.379027424362546 
8.268952849262437 4.137540125529746 10.482701088086939 
6.907450089246859 5.211268700371702 11.082955797629909 
8.339545975740865 4.132801959233802 13.161284706199405 
8.966253871544822 4.939129940409284 13.069754956622928 
8.517341641749928 3.758372572556898 13.814104467246828 
8.595499653277914 4.736786030798600 15.045086474754791 
7.681639943850535 7.700471300520661 16.054323728868859 
9.350653124094794 7.657252350155847 0.038414797530208 
7.789350260084726 6.324788575764234 1.878106022135551 
8.775385080709709 6.660880635975935 3.007009529138986 
8.241313662902730 6.776560714516164 5.557000135663510 
10.694983641932204 5.266181583310899 5.447246009521013 
8.090419564441543 5.730214135947732 5.599586738986731 
9.134207191208661 3.804602981573547 7.152551506558273 
7.781646444429540 6.216960505330174 7.723721519928503 
8.650843929196771 6.424726340884572 8.933959331656284 
8.890595535558710 5.270592162242746 10.069377992255971 
10.153182406094778 7.352079517017458 10.110052201734915 
9.061437580413882 5.395700617329352 11.495281249152578 
7.891658118533173 6.618426034321671 14.399435408698324 
7.497707730965530 5.614745401373321 15.305179618828934 
8.949468369087372 6.580702591126441 15.608839218960888 
9.357317797791195 9.349618501492929 15.054647468298635 
9.356799179036765 9.884072805302747 1.533148919260421 
9.107158251228274 7.778653984624790 1.465911784508365 
8.813475890979559 9.700792595712560 2.818245356409516 
7.889283976704422 8.241344510299086 4.054226991582353 
8.488603894859820 9.574343756274521 4.488897212316155 
7.499160761694531 8.595350651099748 5.887783545092479 
7.040195465533401 9.686319160297936 7.012092103110471 
9.326894493055344 8.382284567710823 7.184432943211912 
10.168021877386938 8.996502855016969 9.188826748968932 
8.149452316479183 7.756858480047950 9.905987288467886 
9.138831317197647 9.622346145969425 10.524584259891389 
7.565292546950232 8.067949886453622 10.806563388276041 
10.352182577126953 10.075754003662478 12.588752510375651 
8.572183656920123 8.548687508379798 14.223330448336855 
9.662537088084845 8.715333603505794 14.114786528902961 
7.626740690931150 9.479698899016190 0.403485444625085 
9.220658743882494 11.599854857597302 0.978127893272804 
7.467966884594292 9.832479839659202 2.127374318186723 
9.501188250713771 12.808425368388368 3.523891488852547 
7.308780476612744 11.702611590646832 4.612527455425500 
8.683823632906647 11.052651205238780 5.209991670760494 
7.141006136787022 10.362485481435511 5.837000190245295 
8.597734594880413 11.270243561647399 6.877267359949435 
8.586018238370357 10.576358826891191 7.619236616334438 
8.301462476853855 10.999125134165032 8.768283127004880 
6.736787599766882 11.329165599423014 11.236943025437370 
9.648169122089492 10.686313980305929 10.654150468947499 
7.832812784290831 10.759347319693459 9.842652802791511 
10.674804456899816 10.734787758582636 12.290851307999034 
8.191298736036181 9.834840477880224 15.281917800642022 
8.837777251550827 11.546834702588765 15.163517534554430 
8.974367602874510 12.171794059750990 0.146026039651929 
9.828318704277772 13.278122143261280 1.385074567726684 
7.751115121551082 12.703182837475271 1.833772189501115 
8.880197501190214 14.668749368651916 4.105135213084187 
8.178109797291876 13.460911641755258 4.561743892669123 
7.940521373268980 14.402797279571271 4.996083778358346 
7.832858410178239 11.852218382201357 5.616680007905750 
8.714354489589997 14.123449472044770 5.843150475075777 
8.304973616351150 12.236156923672135 7.295772413243889 
8.973657493956724 13.586069175064564 10.135169912016201 
8.018920224085379 11.547987042735739 9.573196620147183 
9.020632257514883 12.770645681038912 11.132703978621320 
7.706624197764725 13.991127979227114 12.251635107255844 
9.530216024052507 13.397509604126530 13.361636407449236 
8.502976280467298 12.383212822977939 14.228588287418457 
10.069936832708168 13.273856122656378 15.582156451495800 
7.738791446275838 14.338471699321044 0.337468722503274 
9.952790756104244 15.204719673713095 1.160072365827264 
8.495626499736193 14.957998177254678 1.498683610287249 
8.876697979316823 15.305965618122027 2.834648176853866 
8.083277837444712 13.671367822584825 6.236625410099484 
9.667951596772463 14.945000682716760 7.244345324681051 
9.054277689913784 12.819531070590882 6.828282351400005 
9.440209471971597 14.672465964211927 5.997612901011857 
7.088371298790943 14.747303862778383 6.303016008084919 
7.727858194698863 15.101819222310267 8.617027206263568 
7.717581681946121 13.519560074685955 10.912542954106213 
9.274796402115756 14.883978829125548 10.225448516018176 
7.387515554693809 12.966417787732597 12.182914375374891 
9.260759016847427 1.663738804846896 13.749433202581560 
8.522642392536287 14.376958191486702 13.571489815517641 
9.408487120226543 15.656409667200343 15.670653910620615 
10.205568438853520 0.462538717559510 15.655708292327025 
10.498993890392969 1.478033558681402 1.160359382211414 
9.823542900356140 0.194005843525414 2.912119254712092 
11.423421837878292 1.440677586625031 3.576365774404950 
10.536842945673742 15.770904669155257 4.806316974990209 
10.415394747457983 1.652373787107381 4.562497795648429 
10.122525135413795 0.324472428253130 6.141535344588768 
11.483131495589589 0.513884932422676 5.397183579390280 
10.213033577908558 14.706313918233823 8.767532657107436 
9.629173768409421 2.033689226572649 10.212597683703015 
11.230203775216600 1.132371388533850 9.249551744280927 
11.303982792021364 1.383511380416099 10.236597197653049 
10.224242773902366 0.352171953942870 12.232625458607503 
11.528842236035279 1.464013037906500 13.235390449463104 
9.399881614093387 15.238827591665675 13.394675546379817 
11.536105482929010 1.170811517942111 15.057831951405895 
9.564371695406249 2.184224636202767 15.886650783881766 
11.159342160994541 2.238594229906695 0.844198235129463 
10.008867728126095 2.212242454566234 2.793738350255051 
11.189874490328080 3.117155667400803 3.251939261735954 
9.061105289889028 1.610822679711881 3.325408553816678 
11.032087384349346 3.324493689261588 4.185880003971045 
10.278079371460723 2.129394144650070 6.266668945940140 
11.114153190557216 2.668436294373243 7.428642763677294 
9.933387519574120 2.328864032459567 8.253675075116236 
9.718306365812364 4.827411571084675 7.923702544272619 
10.310595767171709 0.381305003869823 9.652861453811047 
13.603077085270570 2.387861131667838 9.203590064513595 
10.609626927135833 2.719043859241404 11.223799404756534 
11.520825094474477 2.772210264967985 12.922495461204834 
10.607583057371862 2.319350954230027 13.683093980933810 
11.212415051960084 2.468792971132539 15.741038027974113 
9.904888441779026 6.236768147908690 16.001365611731305 
11.070563415019501 4.581135738890735 0.480417985450990 
10.121027309896602 4.546407364445436 2.938582541427592 
11.392375492700126 5.546089832078787 2.120437450942039 
10.596144336285517 4.319659862701563 4.199072674742127 
10.515947411787678 4.260636397757478 5.980274018387005 
10.374844562807757 4.107245430278957 6.717939981370103 
11.754042741067506 5.265604929046162 7.203719652574171 
11.794741270142149 3.384220985360860 8.716362625049463 
11.154457838898756 4.963213103870004 9.540682990442402 
9.384946331903077 3.029654075623922 10.600868046632257 
11.464586620219448 4.950434193785648 11.356658652747990 
10.143990692555541 4.461344033804606 13.207466727758439 
11.313352209615468 5.030635146838973 13.421399679662239 
10.109070242671008 3.964254696197959 14.149007947637402 
11.695317956506177 4.978231198829387 14.646697016155397 
9.283442910925393 5.541778757379626 0.322717862939701 
12.239098572430747 7.900330521391086 0.724361708279276 
10.298323964683188 5.158630268981747 1.376823196328283 
12.004918471833875 8.035458336003826 4.490288428008992 
7.987450135525213 6.935880906062513 3.812769560612278 
11.144569144980146 7.835578152860150 4.667769247606758 
10.413194299394327 6.148877968142009 4.596625763367877 
10.756008827820395 7.206737389141652 6.929658102193636 
10.229358026257906 6.326637128561433 8.688072594711423 
10.102625003825516 8.220859690697825 9.663789099425939 
10.780470078551533 6.709284331665568 9.238307758223987 
10.904417123032122 7.129683032955361 11.630335957834156 
9.995042999565934 5.824258410585631 12.217314199039111 
10.593122386376454 7.161056375398482 13.123124537230462 
10.203763578077455 5.571696465516395 14.573355790936731 
11.312080433380324 6.903668201045141 14.740033196057366 
10.256219275374402 7.747879994729820 14.902675075692057 
9.532101190631131 10.042993090588146 0.329766227043695 
9.603440667781284 7.099876074108964 2.977206487501972 
10.840528190500793 8.915591663105905 3.083787542981304 
9.626466345352270 8.071026280539600 4.540517225332645 
11.281434437344348 8.815678078417280 4.976224701319542 
10.468259132501686 8.155026011350891 6.373058698126346 
11.768203598455559 8.555227211308200 7.050143277934774 
10.826375910746409 7.606336698251480 8.518094651596952 
11.781610056694824 8.213427834678484 8.953853092226797 
8.049822363902697 7.414132543098909 10.942209018874328 
10.575465817773720 8.556996255895426 11.637595283407659 
10.881366580084189 7.685032042878470 12.733228806883927 
12.685398939049898 10.484136157347596 13.990814721374909 
8.597778697411249 7.069950832377962 13.525595722289417 
10.378786919245886 8.716967079958062 14.511806336544071 
10.152278696531651 9.009887222005542 1.178519672047737 
10.447590537018259 10.813199881987536 1.020528822016491 
10.058198412919003 9.941343720803809 1.255102728762033 
11.370610893259691 11.275670538112474 2.504191317113630 
9.512795381920130 10.893873248067949 3.294290310172688 
10.736894445335123 11.529000460425200 4.794543727307620 
10.053582854717483 9.243176040149562 6.011060285160191 
10.587814429430654 11.321067424835769 7.573588876978393 
10.099382659609278 10.524876842014807 8.356790821008463 
11.932417168203475 10.772688122791758 10.023762359884405 
9.793936300179375 10.260489558794550 10.239828787991829 
11.992079256074980 12.314307252603234 11.225899088190697 
9.497439299035325 9.297726910710171 12.739893027648780 
13.960442224748048 11.016252113333827 13.195130290584649 
9.195693454820500 10.214850859023356 12.878876235680369 
12.151872101670815 11.387287525267075 14.903531236655633 
9.668707284582593 12.034853703164112 15.769899523752768 
10.000793187597578 13.981272104552943 2.905941389698834 
10.773049312907753 12.035846896131131 2.284082960669844 
11.220744643188810 12.262206316438036 3.111526606689244 
9.151251317319233 12.252077561218863 2.922719388149678 
9.392087540754904 12.000986274232018 4.301956184104868 
9.732936269966864 11.305180377535905 5.209580666138240 
11.799729876028321 13.188275846903760 6.242969703327065 
9.833345208113544 12.213571744348039 8.473396386940264 
11.769783620383460 13.339609545073923 8.791517120609012 
9.960977201455835 12.123116164801896 10.078997698513275 
10.617113963272471 15.343142842591607 10.111920583435033 
10.095225721304763 12.848005123996534 12.346208335659776 
11.324251944793067 13.775985815851948 13.274251030915153 
9.983822722827293 14.168340110348510 13.567798243397281 
10.621924267042367 13.238974281942196 14.876972177875476 
9.954679918536463 13.954292853284416 16.086579773246111 
10.867690641884494 14.513010971467175 1.638272846630714 
12.643845303835645 14.380468242409703 1.941950393598959 
11.324105273752792 14.990427214992641 3.247760738372264 
9.139116173379829 15.742294980556554 5.280766921648044 
11.338961275921163 16.195320116714562 5.390159682539044 
11.190008628367762 13.114157666313039 5.093059039700720 
10.924729815305032 15.282553681439506 7.768277439761192 
9.731308375008879 14.314715277552819 8.010007463991068 
11.668690706305291 15.693010629646025 8.953062348307331 
10.179788835428116 13.465636708971973 11.303463382330587 
12.201297573526777 13.527551044344021 9.785201615419870 
9.805443635338953 14.112146589672507 11.841175482839382 
11.251526516476856 14.857967321113902 12.918059646897104 
10.730817672163242 14.206303774610454 14.839812872775171 
11.150656948316952 15.280122880072518 15.969364832926363 
14.042068691453586 0.999858663330220 14.680587938107900 
13.710053731727031 0.109112703526448 0.486827642827056 
11.380231539554607 15.838904475841209 2.245182717966097 
13.177251242978008 0.974435624610841 2.840072067877451 
12.286779306805766 0.242544343157806 3.186773248851671 
12.839980559634501 0.581327339214445 7.030571093844895 
12.815036591033083 15.227125011213523 6.957998049466948 
12.215076405755065 0.039330107440648 4.779911378532204 
11.856879116205121 0.822270301820123 7.086902715286883 
13.531394218909425 1.916649815109535 9.146110065477282 
11.447756592031920 15.358155106002561 10.012825102238715 
12.349251527600501 0.997620613198893 11.303246776244332 
11.969774031060405 15.872736206438189 11.395536045232740 
13.062633742340456 1.369872952091792 12.909833118915119 
12.143082168909181 0.045854038205331 14.740728104041681 
14.399261374516183 15.481339509739676 15.822502543643239 
12.772887510297695 1.979511572459858 1.030848148789118 
13.822771434032544 3.102298705788979 2.992595454116857 
12.409173324722195 2.476036666069303 2.009081838826285 
11.984764081162318 2.325229001589036 4.071378024711378 
11.030643781894439 2.402309989932491 5.697507717201675 
13.554869046895835 3.321312911185124 5.127607507902170 
12.302907557347538 2.191262088863145 6.490171040939107 
14.176082873354410 3.716958923296556 6.501853931158682 
12.188833511397949 1.572837707949461 7.689367127646515 
14.057593760773017 3.387206468687362 8.401326346361746 
12.564755902921634 1.697531064634028 10.055970893374905 
13.229604670575640 3.591213411719894 11.036111002839430 
12.530880084529992 2.782754310885545 11.807262484632524 
12.897735728500654 3.016016002669546 13.763043780812648 
11.996854488717679 2.787682883700509 14.897945310248932 
13.057361721676562 2.936048673937961 15.864028674350578 
12.086813511737519 4.731879650467118 16.101257007312068 
12.075432176985519 4.758715626533086 1.678068223235788 
12.457801945315564 5.409045985192715 1.425529743790519 
14.817207229170055 5.193820644899937 4.685283866483535 
11.728264690988873 6.438716776764599 2.127836060533352 
13.193890767742019 4.920811397586664 5.517551318217781 
12.255681767142518 4.072392541055170 7.026834619339724 
12.379289441197013 6.853606387488036 8.828761263199265 
12.287036449645376 3.655911170669874 5.826742193221640 
12.533223512301438 5.483430983693005 9.611022971089122 
12.381506346820327 3.456005227789391 9.707296208060829 
13.603170927879489 4.265767628654483 12.213531744646497 
12.279706326512279 4.387005163265827 12.105444893505700 
12.737745990914412 5.941644239847491 11.966933021871828 
11.793415670826322 3.962618960544706 14.693962973370642 
12.712761776202305 4.829396583127911 15.668034201673738 
12.510922807099544 6.663614625642812 15.834651532707063 
16.153552576902264 7.144249780586928 0.583366515556130 
12.839290820051536 7.109163647052727 0.684125268145159 
13.821056364483708 7.901870161730209 3.157506547595601 
12.172647761112103 7.049934303887993 4.083529896242035 
13.866968991544999 7.259601381465006 5.752880564085041 
12.030131932509898 5.686967815508614 6.377785860941131 
13.703330939615245 6.940131208293294 7.940440733132905 
11.113271199115523 5.515257902980530 9.038553934647943 
13.245106742489874 7.579948617782747 8.609570919569233 
11.658296883788324 6.437176511156493 11.237519193512389 
13.291963793475613 7.414449996980308 11.743447913907934 
13.023937805046888 5.401240098012468 10.496927604986379 
12.950355131707846 6.563980915706808 13.337574440882360 
11.669023217865590 5.948241343212819 13.561642160443236 
12.653872961642923 6.576081116903961 14.894302420395427 
11.710623022499087 7.546436098086343 0.629969337319540 
13.505065199188943 9.439482142849736 1.124643750930161 
12.181403895086479 8.261673054469148 1.863532087640548 
13.429273188291079 9.285089597579614 2.966417074462076 
10.657979675845805 6.178817816814728 3.584398973414671 
12.608514044101305 8.452272395231281 6.116542646427201 
12.273521548999902 8.884854895810147 6.731812113699927 
14.164765662296476 7.649448514545699 6.322517985953353 
12.063695344701358 8.976022545117226 8.733056414330726 
13.971451019653054 9.949326433076502 9.335126383924148 
12.368042099600805 8.680765694240426 10.927287891061201 
13.527950944491304 10.034858638472867 11.833599412515161 
11.966434727642699 7.508231135767144 12.135826784241820 
13.429283143895006 9.493859835086239 13.491774375260672 
11.854604026958889 8.013061107549552 13.740954567041387 
13.743916598811289 9.375905757017517 15.054173303516031 
12.504632532212256 10.887767895352384 15.794716768981464 
13.739617887422758 11.833064968344530 0.933167891218899 
11.376519091026342 9.883102653160051 1.953794225290086 
14.496597771365765 9.229060299432964 1.675025063497286 
12.901781250979901 9.638488819360465 4.682390916239100 
13.246911161829784 10.630657111365462 5.875774086224110 
11.589838801289154 10.347532546195726 6.159418056083962 
13.750079822726802 10.986784170044380 7.070717897273523 
12.486004351388786 10.994162965488899 7.921060844531087 
14.114316476663884 12.320777920155571 9.534445551270281 
11.881427425216133 10.050592386226688 9.692056898757047 
13.441343377227520 11.654083397488078 10.903182092195312 
9.954037874031664 10.262728881998717 13.482718742287339 
11.719665470406799 10.521368510290094 11.576842510998292 
11.589577958793804 9.380025450029393 12.800213984050856 
13.339457622072317 11.537898101610606 15.232413560169448 
13.113994286396212 12.893094778298630 0.664246267668810 
11.622078892299562 12.876406605429333 16.185057143095165 
12.643885485809230 12.056869451221811 2.188493269242506 
12.475287570382564 13.056828247129458 3.157801647711728 
11.926697548044100 12.157341723374834 3.355194673506218 
13.644914619756305 13.167285069977886 5.341196992394540 
11.938739270040816 11.076686722615401 6.308319036738324 
14.477822135742045 13.196171482549458 5.134858015877710 
12.843676628442694 12.431406868723130 8.078549636991516 
14.161165380438678 12.803987432118722 7.698679046303724 
13.255596371861403 11.477456010523440 9.571755018893116 
12.753706873646180 13.488195453746298 11.398812589465338 
12.250159245927486 12.309365547078155 13.231670968033105 
13.708506992301931 14.662421025887051 13.210883679587038 
11.870256943509613 11.475248126452142 12.397180845779113 
13.613467323094746 13.892741695806587 13.163498469715140 
12.122542220997151 14.175358210121237 16.191672522262223 
13.702291447821771 15.212098175280413 1.076068651872677 
11.059525337085883 16.054772155868061 1.699593331717934 
13.135739062997896 14.848347658157202 2.557818249422779 
11.771738230713902 13.993463532561792 3.938205265608963 
12.935388160585253 15.589613982769533 5.320293756318804 
11.822347224866913 14.258609632160328 5.752424641991075 
13.755794495758366 14.291444256819233 4.735160416520371 
12.286046408734707 14.015145210781752 7.489065384658978 
13.913808876056768 14.853068299982841 9.408439975309330 
11.536428529699014 15.279601626835591 10.708734262515305 
13.714343610203674 15.313150000411468 11.216652535334809 
12.142736208705022 14.256496432059548 12.401715085491984 
12.576831111741143 15.797195409722042 13.066360168360864 
11.727765014739798 14.723697556495702 13.403107951231489 
12.251134411947975 16.057414347800055 15.617416737715411 
13.674487856402134 15.296123205154382 15.054556785543211 
15.190370740718647 0.604566701119880 0.953962648986218 
14.490615439067668 15.875556662327217 2.451846162882538 
14.972285913937384 0.697389076892754 3.742085310181298 
13.914770770721731 15.944722472374295 4.483860949090114 
15.070511924503110 0.565549164556515 4.709909419898695 
14.652497654214921 15.991147472969008 5.563044356729572 
14.847510871902074 0.930837447672249 6.524782754528751 
15.278013812823012 2.035077063880392 9.687768219670261 
14.089754940231451 0.262726046309716 8.192432795089054 
14.622484461424090 14.905696227890219 10.153526708883822 
15.614519646252603 1.025942294616447 10.434744429088367 
13.693459062399088 0.389283334712256 12.107321706447900 
14.847962436112473 0.951582732221070 12.992097969911722 
14.932075935663555 16.227212053871931 13.857761881666452 
15.106361297811967 0.911050696386693 14.388744370212500 
14.192268839490975 2.298976402781739 0.437142630975642 
15.121911889935001 3.378916156107364 0.829294666353075 
14.871981376202404 2.355893527967650 2.013647705781976 
14.525734710491720 4.281867708016357 2.943916826548302 
14.496789635836114 2.151612812712659 4.257598952311817 
15.319604776428095 2.308612773960102 4.689827838920112 
14.395476899469582 2.045733242838312 6.316475154746218 
15.202926998777176 2.614805660701641 6.746310874266319 
14.210082721246181 1.137216477613726 8.405668238899445 
14.303887874383564 2.623500483060500 8.315566097824979 
14.622748500191594 2.328918535109726 10.362352458564054 
15.826980690006316 3.458264487102535 11.212650733886822 
14.424387199932532 1.925486562606246 12.396378163289620 
14.850725629910432 2.746166899080032 13.127090253513584 
13.614759683683349 2.108393656399834 13.569932500310589 
15.099825401611227 4.475031173387724 15.364849762919800 
12.896150581014222 2.470042737612670 1.098753145265781 
14.104442703455216 4.712370638469162 15.943543964612086 
14.003722289042436 4.411870731450769 2.173759976748798 
14.064409147103243 4.950176058068698 4.395491320947865 
11.811406589754581 5.034706242997452 2.700207207048852 
15.999175550166612 6.221216073970955 4.926708905218527 
14.751194326364583 3.622237209931640 5.230781811684640 
14.774206541321593 5.629672022062272 8.954820177424368 
12.932426086385593 7.345755268664837 6.760162966539509 
13.126906860009282 5.146906207180919 7.853913689960632 
13.890139971513424 4.103029258748725 10.490676642509341 
0.186698515726398 3.439017760583581 10.142104612697873 
13.378356368703916 5.441525016300912 12.666385706312731 
15.571266780883889 4.602921295868838 13.034354386474494 
14.464157053306671 4.475012019337563 13.497315621546537 
15.075025377555910 4.325516857387141 14.769179086330125 
14.879663457336529 5.466150612710197 0.305769563419526 
16.086295227658017 6.631846079778789 1.760251027836138 
14.075039884267616 6.286674603377352 2.195400132016633 
15.584431367210476 7.273106238372358 3.404508469760621 
14.648320831684771 6.262477619152861 3.896171174170223 
14.536380835881705 7.836765638230935 4.345245519104027 
13.610882714538580 5.697945602497017 6.342266314465854 
14.642848170569270 7.764176130976509 7.200123289287564 
14.877657345254072 5.804795909427055 7.882653882660711 
15.218893763600121 7.311443473520325 9.613717232721887 
13.901940077745119 5.399725600765814 10.636328759434187 
0.496047523775124 6.546822450008749 12.173545866288144 
14.236503834871412 6.937742846805447 11.797169324070776 
15.153073076101293 6.334081171037036 13.966552287010238 
15.499113233596027 7.306752516933962 12.835929311731364 
15.161738843059972 6.720685097260466 15.288782866347674 
14.448250672336570 8.080377798229376 15.305330373662997 
14.674601361549596 8.909819800025261 1.391386738379157 
14.598535346903256 8.347606768785965 1.896882163840582 
14.672504544878430 9.381697343774286 3.457243353805507 
15.392718838848896 7.151698298425410 5.204995039022252 
14.424259252121285 8.997550204788288 4.727601391001885 
13.431854698667520 8.930823838642194 5.841232722094381 
15.646981986120167 9.318128539856703 7.846629742118642 
14.390814854852854 8.368562428036285 7.763975510205957 
14.427905303148760 8.457502778256410 10.455343479961998 
14.662949518927483 8.790606357352859 9.186916657384366 
15.469831630875071 9.453799256445553 10.500645333730739 
13.152155880186355 7.986549027781338 12.211698557395934 
15.047503055437264 10.570718023868357 14.031759311227782 
14.785764443689320 7.757386676416910 14.553054987616765 
14.882721449850736 9.373225771885984 15.343954340140730 
14.485321395449532 9.953449165827747 0.197231667714908 
15.223181713756500 11.485123660803085 1.182840796700626 
13.662284074742914 10.778905584280105 3.123612313402556 
15.817175367147117 11.289376908729263 2.321361890370973 
13.944750650174999 9.649806936538061 3.989225673802923 
15.936545013005103 10.844446313704813 6.109656917619453 
14.811807598601776 10.114407652390188 6.637271317124093 
14.216556507923736 12.106862450636610 5.979614800376570 
14.238612013081390 10.188982942492599 7.969170953386613 
14.914914590530234 11.604304742443855 8.561426771213613 
14.302365081220934 9.919679737451505 10.448687922546316 
15.663361739665563 11.903469011121214 10.735533337901629 
13.944029900260597 9.898716453782814 12.882852295565652 
15.094710616547824 10.744523861554290 12.928187120024049 
15.371709416051917 10.710012398774255 14.328487586502249 
15.306377597760051 11.102605793238606 15.518800110391254 
14.201317592448177 12.017477909389903 0.081452526815683 
14.458153140384617 13.157546537465819 0.548871870663676 
13.497591312048549 12.964480582290127 2.422427716616442 
15.662866239032823 13.019744177220547 3.048306296772007 
14.421232405644830 12.258835155132003 4.406536696046846 
14.391169057959461 11.561306592536184 5.237728929558631 
12.719071570822598 12.832342771100596 6.532776709027821 
14.657442867790566 13.432498250181808 7.954759685221792 
13.346064723692734 12.093896742491776 9.680667012922898 
15.001308464437706 13.162817422285958 9.752179936867828 
13.343810085416489 13.609968279609815 9.011126024752501 
15.389792765185881 13.131494751837124 11.862601770891706 
13.603210369288863 12.496153432452093 12.490674257129243 
15.324659651488437 13.115732650979115 13.324281085008858 
13.636219451179667 11.332968378215446 14.103121938657408 
15.259858058185682 14.650192128687090 15.108977889073413 
14.363531436438560 14.746844583316522 0.113858674775301 
14.766195927459114 14.767517473982974 1.197383702060173 
15.879793389905441 15.278430604314785 2.246117256230961 
14.940552713147495 13.735538155359555 2.429733140753212 
15.934122472700867 13.341172521175681 3.761583231934714 
15.553703381553959 15.523133218174742 4.782648983197367 
14.316173107476809 14.059625070955009 5.030327873542960 
14.668198260610154 14.841941383055026 7.145587948173767 
13.969042792678847 15.093601946350189 7.988281357565175 
15.820617032600842 15.342824030877583 8.997684924300497 
14.576867604381983 13.753366157251271 10.279698448077928 
15.759192739261293 15.457080622825949 11.590623888110182 
14.283556988639575 14.330720052535003 12.193846546456234 
15.765490378358564 15.726583626195429 13.947193482250578 
13.190312004816237 14.040189918261509 15.377388536750074 
15.698989071024382 13.127328062669640 15.210136185364131 
