0.954748 
42.569747 
0.002041 
0.270867 
42.452221 
42.277876 
42.370441 
0.520084 
0.239590 
42.129428 
0.309038 
0.944233 
42.165984 
0.148622 
0.556212 
0.305117 
0.667239 
0.274423 
42.626430 
42.260971 
41.996061 
2.006022 
1.541978 
2.019522 
1.055237 
1.188647 
2.386599 
2.866385 
1.976766 
1.241369 
1.492767 
2.935618 
1.435604 
1.525147 
2.526527 
2.455880 
2.144351 
1.889333 
1.955286 
1.692861 
1.867968 
2.289241 
3.438323 
3.058317 
2.706381 
4.819904 
4.674252 
3.614031 
4.654971 
3.781824 
4.132609 
3.998175 
4.324536 
4.399443 
4.597934 
3.887444 
4.358772 
3.409779 
4.750103 
3.548528 
4.162757 
3.915202 
3.976415 
5.258736 
5.611415 
6.375806 
6.481311 
6.431319 
7.106538 
6.057280 
6.712934 
6.110825 
6.019582 
6.393838 
6.525665 
6.483644 
6.582501 
6.097806 
6.088714 
5.751699 
5.411548 
6.591463 
6.591787 
6.108524 
7.613026 
8.368842 
8.502388 
8.585886 
8.305034 
8.502699 
7.534122 
7.794316 
7.930867 
7.727442 
8.133437 
9.184807 
7.404274 
8.409102 
7.575498 
8.385003 
7.847045 
7.748077 
8.499689 
8.185961 
8.856167 
9.640343 
10.410294 
10.121009 
10.650348 
10.830055 
9.724808 
10.092125 
9.258782 
9.787311 
10.415968 
8.119413 
10.152436 
10.415420 
10.363017 
9.701002 
10.560477 
10.214052 
10.399164 
9.278887 
10.262060 
10.961993 
12.889507 
11.641226 
12.295189 
12.113892 
11.282110 
12.214933 
12.759037 
12.394335 
12.374589 
12.421703 
12.721387 
11.662962 
12.960448 
13.003326 
12.619966 
12.488680 
12.200040 
11.872517 
12.805415 
12.682118 
13.183894 
13.856560 
13.368071 
12.932311 
14.707174 
14.248360 
14.067344 
13.979525 
14.252207 
13.945617 
13.996422 
14.801936 
13.571577 
14.823602 
15.500562 
14.477732 
15.329883 
13.369652 
16.042705 
13.909382 
14.787531 
15.286846 
16.536730 
16.413032 
16.374606 
16.187869 
16.541630 
16.094012 
16.697815 
16.383915 
15.814695 
17.005257 
16.413402 
15.992693 
16.230031 
16.324198 
16.174501 
15.507330 
14.152374 
16.302484 
16.705295 
16.676705 
16.618687 
18.591741 
18.741171 
18.250801 
18.699600 
18.636513 
17.798535 
17.949449 
18.193868 
18.766221 
18.070611 
19.363833 
18.191289 
18.638068 
18.242343 
18.600839 
18.786065 
18.321785 
18.219828 
17.416384 
17.960546 
18.336139 
20.495430 
20.449689 
19.949243 
19.917342 
20.471448 
20.144731 
20.359154 
20.666891 
19.932512 
20.587702 
21.138544 
20.779465 
19.922195 
20.250601 
20.517470 
19.208625 
21.243677 
20.339425 
19.873380 
21.291659 
20.497272 
22.271117 
22.520513 
21.635132 
21.989265 
21.490854 
22.117696 
22.794106 
22.628846 
22.429301 
22.354238 
22.501178 
21.479605 
21.966938 
23.090904 
23.019537 
23.073606 
22.117996 
21.880770 
22.536062 
21.710513 
22.316452 
24.238169 
24.323667 
24.195589 
24.234753 
24.514416 
24.342826 
24.051109 
23.456326 
24.506933 
24.897857 
24.551965 
24.273701 
24.561857 
23.778999 
24.622231 
24.305624 
24.035483 
24.496091 
25.518572 
24.226539 
24.756885 
26.577412 
26.777432 
26.226761 
27.095918 
26.611264 
27.038634 
26.117136 
26.694091 
25.810992 
26.224464 
25.916267 
25.860639 
25.940807 
27.014982 
27.045854 
26.351502 
26.505220 
25.808693 
26.539408 
27.097278 
26.006709 
28.414586 
28.693896 
30.233610 
28.832126 
29.191219 
29.288435 
28.235686 
29.393087 
28.445148 
27.998156 
28.649427 
28.980239 
28.052925 
28.859196 
28.161953 
28.749149 
28.176763 
28.438497 
27.440562 
27.680166 
28.800597 
30.668731 
30.191457 
28.877199 
30.314239 
30.290142 
30.674623 
30.196200 
30.421442 
30.718414 
30.645793 
29.756546 
30.208483 
30.426410 
31.282908 
30.222659 
31.158318 
30.249924 
30.620447 
29.800726 
31.275220 
31.198434 
32.518106 
32.497817 
31.799394 
32.645554 
32.451761 
32.705835 
32.973772 
32.458857 
32.448758 
31.815857 
32.604381 
33.374976 
32.214925 
32.224438 
32.719042 
31.903042 
32.772629 
33.312983 
31.710566 
31.778446 
32.739989 
35.193279 
34.471918 
35.103155 
36.704905 
34.798565 
35.174541 
34.649997 
34.599282 
35.970428 
34.675613 
34.164037 
33.691891 
34.340496 
33.799242 
35.109675 
34.245036 
33.748006 
34.776374 
34.074232 
34.486555 
35.229038 
35.971353 
36.619587 
36.801899 
34.109133 
36.480524 
37.559562 
36.613725 
37.088262 
36.865857 
35.728230 
36.774839 
36.097163 
36.594656 
36.752205 
36.980414 
36.032578 
37.018347 
36.211221 
36.739357 
36.206772 
36.422289 
38.322432 
39.059468 
38.644298 
39.323602 
38.446333 
38.935302 
38.765302 
39.054293 
38.531737 
38.277476 
39.129918 
38.988667 
41.081266 
38.553980 
37.798595 
38.771301 
41.551527 
38.239254 
38.026066 
39.013809 
38.783794 
40.591471 
40.124657 
41.256458 
41.346536 
40.788917 
40.572512 
41.639711 
40.572126 
40.693846 
40.489228 
40.620910 
40.089911 
38.924331 
40.901272 
40.498431 
41.244605 
39.502180 
40.269522 
39.787642 
40.536949 
40.368617 
