with cutoff 0.027740545692. O(3n^3)

1e-2.

diagonal:

0
0
0
0.02830200
0.02906400
0.02909500
0.02978200
0.03069500
0.03127000
0.03156100
0.03161900
0.03194100
0.03248300
0.03275400
0.03376700
0.03396800
0.03408800
0.03459000
0.03616700
0.03620400

1e-1 is the same as 1e-2.

5e-1.

diagonal:
0
0
0.02821600
0.02830200
0.02834700
0.02906400
0.02909500
0.02978200
0.03069500
0.03127000
0.03156100
0.03161900
0.03194100
0.03243100
0.03248300
0.03275400
0.03376700
0.03391100
0.03396800
0.03408800


1.

diagonal:
0.02774100
0.02776600
0.02821600
0.02830200
0.02834700
0.02909500
0.02942400
0.02978200
0.03069500
0.03090100
0.03127000
0.03156100
0.03161900
0.03194100
0.03228600
0.03243100
0.03248300
0.03268100
0.03275400
0.03376700

10 and 200 are the same as 1. Their matrices are the same.

Without cutoff. O(nnz*n^3)

diagonal:

0
0
0
0
0
0
2.71740000000000e-06
1.90830000000000e-05
2.45840000000000e-05
4.33260000000000e-05
0.00067115
0.00168500
0.00188370
0.00231900
0.00352590
0.00364060
0.00549060
0.00711190
0.00836980
0.01067800
0.01105100
0.01732400
0.02055200
0.02670000
0.02762800
0.02830200
0.03069500
0.03156100
0.03161900
0.03194100


