0.117766 
0.570773 
42.194446 
42.356301 
42.069323 
0.277847 
42.101642 
0.464428 
42.041382 
42.057785 
0.323805 
0.561603 
0.209929 
0.609284 
0.112526 
0.599112 
42.415289 
0.004664 
42.068819 
42.132366 
42.291731 
2.296299 
2.487277 
2.225771 
2.630229 
2.303958 
2.640233 
2.439273 
2.054914 
1.556442 
2.325121 
1.664929 
2.137236 
2.397396 
1.899348 
2.455880 
2.126163 
2.604618 
1.611239 
2.445278 
2.626401 
2.242656 
3.477130 
3.845177 
3.596673 
3.454364 
3.567640 
3.869041 
4.193302 
3.915692 
4.649174 
4.629704 
4.641721 
4.664393 
4.226421 
3.474614 
4.193342 
3.607483 
4.214923 
4.427726 
3.535235 
3.804497 
3.461591 
6.693321 
6.647478 
6.662683 
5.539194 
5.700641 
5.933163 
5.890539 
5.764671 
5.485827 
6.496555 
5.953019 
6.497210 
6.514333 
5.483834 
5.640467 
6.556300 
6.398552 
5.889621 
6.701270 
6.277770 
6.699726 
8.667139 
7.517415 
8.679846 
8.688079 
7.784824 
7.604876 
8.282290 
8.359006 
8.295509 
8.639206 
8.330221 
7.716224 
7.529123 
7.749509 
7.809373 
8.343057 
8.356958 
7.514889 
7.553349 
7.815523 
8.720367 
10.061675 
10.609180 
9.708038 
10.323670 
10.497355 
9.724808 
10.077734 
9.729736 
9.657253 
9.548180 
9.741893 
10.511678 
10.041229 
10.743097 
10.613596 
10.342871 
10.477630 
10.693766 
10.757989 
10.578313 
9.611119 
12.348854 
12.435337 
12.432697 
12.763627 
11.852764 
12.742917 
12.789126 
12.423857 
12.623551 
11.600228 
12.658032 
12.612247 
11.657758 
12.383141 
12.066119 
11.838304 
12.313179 
12.792895 
11.862711 
12.588535 
11.668434 
13.889550 
13.832779 
13.772451 
13.758033 
13.662954 
14.049389 
13.811836 
13.882569 
13.608472 
13.681450 
13.647300 
14.817247 
14.201826 
14.437021 
14.521313 
14.826150 
14.496551 
14.776297 
14.824906 
13.793167 
14.794465 
15.638717 
15.880209 
15.931351 
16.129801 
15.640851 
15.741079 
16.218445 
16.674289 
16.848372 
16.432308 
16.057198 
16.500060 
16.703008 
16.855650 
16.093753 
16.815114 
15.905594 
16.777055 
16.672237 
16.690691 
15.814598 
18.886044 
18.462758 
18.634424 
17.978838 
17.905661 
17.690951 
17.725119 
17.727084 
17.916302 
18.887706 
18.549327 
17.684277 
18.479163 
18.848422 
18.663098 
17.731735 
18.601624 
17.901712 
18.884533 
18.556611 
18.067958 
20.875746 
20.915488 
19.746430 
19.753210 
19.897822 
19.793627 
19.717120 
20.821897 
19.733850 
20.674988 
19.778508 
20.499506 
20.808841 
20.878592 
19.742953 
20.250397 
19.724414 
20.128483 
20.045295 
19.856394 
19.948050 
22.230596 
21.823107 
22.840870 
22.010667 
22.083682 
22.587477 
22.611750 
21.748917 
22.049148 
21.755473 
22.132251 
21.732556 
22.304254 
22.145706 
22.889509 
22.532130 
22.875821 
22.114855 
21.732998 
21.734028 
21.740230 
24.197812 
24.980780 
24.022060 
23.774731 
24.502332 
24.139480 
23.865214 
23.935144 
24.181116 
24.687805 
24.525146 
24.526978 
24.163780 
24.950088 
24.564261 
24.021939 
23.825716 
24.484787 
23.807384 
23.807204 
23.772971 
25.936890 
26.615615 
26.948906 
26.916858 
26.096066 
26.889633 
26.698274 
25.821968 
26.331503 
26.448417 
26.923249 
26.234017 
27.012019 
25.915541 
26.913534 
27.008186 
26.204128 
26.627938 
25.796419 
26.103161 
26.634678 
28.997736 
29.039154 
29.019100 
28.172821 
28.347354 
27.864270 
27.959047 
28.498802 
28.469803 
27.916454 
27.825537 
28.260117 
29.017304 
28.102414 
28.436321 
27.906142 
28.771210 
29.039496 
28.750911 
28.415379 
29.015518 
30.684566 
30.450200 
30.569961 
30.931976 
31.074009 
30.650334 
30.714068 
30.437796 
29.862601 
30.948008 
30.076045 
30.208483 
30.989584 
29.933757 
30.953289 
30.141227 
31.046485 
31.046953 
30.205222 
29.856629 
30.809440 
31.897645 
33.008655 
33.081345 
31.912271 
32.993815 
32.752615 
32.546776 
32.190460 
33.069854 
32.977202 
33.002487 
33.091352 
32.652793 
32.944757 
32.459287 
32.923256 
32.142410 
32.019662 
32.468453 
31.981414 
33.094943 
33.929917 
34.689784 
35.039200 
35.036645 
34.681055 
34.108041 
34.455033 
35.107287 
33.974767 
33.972391 
34.102510 
35.050525 
34.178979 
34.997213 
33.935569 
34.002354 
33.964178 
34.197753 
35.112074 
34.949596 
33.918956 
36.758078 
35.948457 
36.477822 
36.574036 
37.109726 
36.695271 
36.308848 
36.930420 
37.142979 
36.592303 
37.154501 
36.501281 
36.324207 
37.050445 
36.104885 
36.197975 
36.052409 
37.107714 
36.831212 
36.691562 
36.980680 
38.912322 
38.618787 
38.103799 
38.196906 
38.601840 
39.174178 
38.990462 
38.979461 
39.059876 
38.116850 
38.165908 
39.033027 
38.105524 
39.164181 
38.895170 
37.993611 
38.238263 
38.987718 
38.910934 
39.013809 
38.937199 
40.056424 
40.736271 
40.135592 
40.889900 
40.946922 
40.665416 
40.165271 
41.021495 
41.209923 
40.078017 
40.017376 
41.187917 
41.114185 
40.738724 
40.687337 
40.954851 
40.515159 
41.139284 
41.226288 
40.108477 
40.091921 
