0.025715501861572 = cutoff
0.034839000000000 = min max distance for all orbitals
198.3051 = cond(A)

0.025716
0.025765
0.025874
0.025927
0.025937
0.025950
0.025993
0.025994
0.026003
0.026039
0.026143
0.026153
0.026339
0.026552
0.026553
0.026564
0.026608
0.026654
0.026836
0.026934
0.0277405787454836
0.0277656330049661
0.0282161240568260
0.0283019501146576
0.0283469024304645
0.0290950065804495
0.0294241513884222
0.0297815895375319
0.0306951184032705
0.0309011034431978
0.0312695280066569
0.0315605456740823
0.0316190002241145
0.0319409443808411
0.0322857254117206
0.0324314272096054
0.0324832201935885
0.0326806118703232
0.0327537059077195
0.0337671307485062