 -1.7650235315e-01  1.4972545485e-01 -6.6439786838e-01
  4.4507838130e-01  6.0524138887e-01  1.0515883487e+00
  2.3143640794e-01 -5.0698374076e-01  1.6015817940e+00
  1.2198362690e+00  1.1391340202e+00  3.7082829238e+00
 -3.3149599423e-01  6.1991386156e-01  4.0334950872e+00
  1.4125240136e+00  6.0918268886e-01  4.6624415760e+00
  1.3326421973e-01  4.5471377390e-01  5.5729313973e+00
  1.1633128315e+00  1.4318145287e+00  7.6560663431e+00
 -3.1217353110e-01 -5.5411873299e-01  7.8231754062e+00
  1.3703563148e+00  4.2163803872e-01  9.2675636044e+00
 -4.8474633643e-01  3.8859264100e-01  1.0485169757e+01
  1.5059011538e+00  1.2232045393e+00  1.0710760016e+01
 -3.2115150551e-01 -5.8673626644e-01  1.1967831294e+01
  4.2419637228e-01  1.3460378845e+00  1.3391500123e+01
  6.6490935351e-01  1.8949588067e-01  1.4347315704e+01
  1.1746968170e+00  1.2839700254e+00  1.5863035914e+01
  2.2276070768e-01  2.6174566272e+00  3.1849899770e-01
  5.8838960983e-01  3.4559289965e+00  1.3962097732e+00
  2.9166378985e-01  2.6711170307e+00  2.0443319451e+00
  8.6561885020e-01  3.4119686239e+00  2.4642941550e+00
 -6.1128232613e-02  1.7966193675e+00  3.4014514565e+00
  9.4811881212e-01  3.6856371800e+00  5.3637844053e+00
 -4.1590240018e-01  1.4653514576e+00  6.1384118922e+00
  1.0291678089e+00  2.3485082278e+00  7.1957696793e+00
 -9.4919683776e-02  2.4726220962e+00  8.6634029086e+00
  1.1508806291e+00  3.1899116394e+00  8.4641478645e+00
 -2.7986741946e-01  2.5580506747e+00  9.7823243584e+00
  1.4514240182e+00  3.5117943053e+00  1.0873066344e+01
 -3.2787329796e-02  2.6740875703e+00  1.1902523920e+01
  5.6749998281e-01  3.1660149928e+00  1.2672342678e+01
  6.9787585927e-01  1.9644499313e+00  1.4157538303e+01
  8.9384401759e-01  2.4441260532e+00  1.5575050391e+01
  1.8128115467e-02  3.5204155470e+00  4.4872371421e-01
  1.3794506203e+00  5.6048260219e+00  7.2487561592e-01
  4.4699437707e-01  4.0778482322e+00  2.5740839534e+00
  1.3442909709e+00  4.5510686085e+00  2.7151968043e+00
  3.5519208845e-01  4.3109816171e+00  3.5080667417e+00
  8.0413276306e-01  5.0906119413e+00  5.7484301664e+00
  2.7460023059e-01  3.7666154958e+00  5.5165123349e+00
  1.2995610519e+00  5.2823544206e+00  6.4983038798e+00
  5.0552394760e-01  3.9877274865e+00  8.6076573706e+00
  1.4548655396e+00  5.0744093562e+00  8.5900059686e+00
 -6.9405297518e-01  4.0772798028e+00  1.0269246730e+01
  5.2714144659e-01  5.5506123424e+00  1.1351237253e+01
  6.9834057201e-01  4.0055675285e+00  1.2250273958e+01
  1.6335686647e+00  4.7663481321e+00  1.3328665093e+01
 -3.3131408745e-01  4.5252778604e+00  1.3803962569e+01
  4.1485486599e-01  5.2752059568e+00  1.4924063463e+01
 -3.0416761900e-01  6.4281697899e+00 -5.3864514432e-01
  1.7052773150e+00  7.1738739865e+00  1.1376835405e+00
  2.8436813007e-01  5.6313162418e+00  1.5826940844e+00
  4.0440584467e-01  6.9801265458e+00  3.3706596976e+00
 -4.9363795639e-01  6.0283104304e+00  4.5591238755e+00
  3.4480258917e-01  7.3209642576e+00  5.0818866118e+00
 -3.8366070905e-01  6.5271215658e+00  5.6938280490e+00
  1.6578179660e+00  7.2031039919e+00  7.3795590992e+00
 -4.2735901761e-01  6.6100852941e+00  8.3360905200e+00
  1.0737256470e+00  7.6619316737e+00  8.7090136744e+00
 -5.7808354117e-01  6.4044261109e+00  9.9023569378e+00
  9.0960167856e-01  6.7693534756e+00  1.0563243464e+01
 -4.2670285660e-01  5.8369510145e+00  1.2683351897e+01
  1.3244813318e+00  6.5208383574e+00  1.2968734774e+01
  3.2733024751e-01  5.5776132145e+00  1.3867390660e+01
  4.1851269679e-01  7.1521512794e+00  1.5602224283e+01
  6.5952009223e-01  8.2253836155e+00 -2.2304692431e-01
  1.2036821479e+00  9.4377085494e+00  1.6243139784e+00
  3.2101058166e-01  7.9672218211e+00  1.4248909924e+00
  1.5598619776e+00  9.4660304650e+00  2.7431137565e+00
  6.0708164308e-01  8.4794594965e+00  4.0717849355e+00
  6.9061605114e-01  9.1295697376e+00  4.4535231337e+00
 -6.2332339399e-01  8.1868981539e+00  6.4131672824e+00
  4.6728159217e-01  9.0714279738e+00  6.6728188131e+00
 -5.7919371115e-01  8.2538052978e+00  7.7462692101e+00
  9.8648689373e-01  9.7981145485e+00  8.8937756906e+00
 -5.3762948790e-01  7.6825014942e+00  1.0260018680e+01
  1.6158713020e+00  9.3170447218e+00  1.1491478958e+01
 -6.2273132348e-01  8.4086583713e+00  1.2347773392e+01
  1.3948853038e+00  8.5522439533e+00  1.3280192101e+01
  2.3249932525e-01  8.2270106036e+00  1.3561005946e+01
  8.0609970054e-01  9.6779434442e+00  1.5634028943e+01
  5.1323548624e-01  9.8151603516e+00  3.4072521044e-01
  8.0868029768e-01  1.0609604870e+01  1.3864684401e+00
 -1.4404561608e-01  1.0070197664e+01  1.3475859643e+00
  1.5274670934e+00  1.1646917918e+01  3.1233829129e+00
 -5.8446887883e-01  1.0506823491e+01  3.8899195519e+00
  1.4716130732e+00  1.0771807495e+01  5.4352715346e+00
  7.3931627924e-02  1.0836535208e+01  6.2512377793e+00
  9.7211694393e-01  1.0691050649e+01  7.6215707073e+00
  3.9598871095e-01  1.0682034301e+01  7.8781888805e+00
  4.5888429534e-01  1.0776685510e+01  9.3129486228e+00
  6.5690121654e-01  1.0400214984e+01  1.0097157772e+01
  1.2996876860e+00  1.0653067962e+01  1.0787751042e+01
  4.6644263118e-01  9.7110022144e+00  1.1902640585e+01
  5.8962424835e-01  1.1707816218e+01  1.3043650559e+01
 -1.9522910818e-01  1.0628461916e+01  1.3734594849e+01
  3.4402981561e-01  1.1085917702e+01  1.5040226897e+01
 -2.9170535669e-02  1.1773810951e+01  5.6942478705e-01
  9.4290322718e-01  1.3651396712e+01  4.7947949973e-01
 -6.1447679449e-01  1.2338768990e+01  2.3377168477e+00
  6.7757134257e-01  1.3174812254e+01  3.6630122113e+00
 -5.5702094517e-01  1.1955002328e+01  4.4244404257e+00
  1.2048115340e+00  1.2808470995e+01  4.5255175145e+00
 -6.0524294964e-01  1.2452467824e+01  5.8528517322e+00
  1.2469432172e+00  1.3865850001e+01  7.1167724799e+00
  6.6586077121e-01  1.2388434785e+01  8.2271741784e+00
  1.2514378145e+00  1.2542873553e+01  9.0650696908e+00
  5.2816300098e-01  1.1724712997e+01  1.0212039156e+01
  3.8228204232e-01  1.3506813544e+01  1.1199030293e+01
 -2.5680778437e-01  1.2092690795e+01  1.1537664844e+01
  1.5805221030e+00  1.2902022433e+01  1.3494857342e+01
 -1.4086866166e-01  1.1527662310e+01  1.4421310612e+01
  6.2620624173e-01  1.3753035270e+01  1.5034372425e+01
  5.0465284202e-01  1.4541118027e+01  3.6778843615e-01
  1.0093600128e+00  1.5676166750e+01  4.6949868541e-01
 -4.4383503974e-01  1.3781687573e+01  1.7015931562e+00
  8.7335274388e-01  1.4570014898e+01  2.8570192177e+00
 -6.6983571649e-01  1.4008256987e+01  4.0096379194e+00
  1.0134231478e+00  1.5664202353e+01  5.6330394542e+00
  1.5827515123e-01  1.3885477522e+01  5.4929690480e+00
  8.3222602066e-01  1.5021422843e+01  6.4628589213e+00
  1.3684466600e-01  1.3901722489e+01  7.5101034709e+00
  5.0806636996e-01  1.5213494746e+01  8.6525244037e+00
 -9.1786191501e-02  1.4726539353e+01  9.6786175249e+00
  1.0800643761e+00  1.5853117820e+01  1.0845445723e+01
  3.1405613484e-01  1.4418335513e+01  1.2782513265e+01
  3.4175940899e-01  1.5431439054e+01  1.3162871140e+01
 -8.7480293730e-02  1.4711034047e+01  1.3723772995e+01
  1.0777305475e+00  1.5556168600e+01  1.5854079694e+01
  1.7938457938e+00 -6.4952006095e-01 -1.2991109623e-01
  2.5594169949e+00  5.9895527272e-01  1.3057343128e+00
  2.2244120149e+00  4.1363456838e-01  2.5662509284e+00
  2.6394506253e+00  1.5090805604e+00  2.7537810957e+00
  1.6939320660e+00  1.4233094728e-01  3.4610653702e+00
  3.1068386546e+00  6.9803564826e-01  5.7024567602e+00
  1.4325556363e+00 -2.7093075736e-01  6.3449051176e+00
  3.6722081975e+00  9.3720555593e-01  6.7964830909e+00
  2.5197041356e+00  3.7701385418e-01  8.4616746090e+00
  2.7696222883e+00  4.5778231164e-01  8.8119560597e+00
  2.7118692110e+00  1.5435026041e-01  1.0067888378e+01
  2.8615226198e+00  4.1488769584e-01  1.0854203385e+01
  2.3730510633e+00  5.9288630487e-01  1.2348733585e+01
  2.8093840925e+00  1.4668673312e+00  1.3686308105e+01
  2.6826159011e+00  2.1913055536e-01  1.4067421134e+01
  2.4534446324e+00  6.7884411299e-01  1.5405541801e+01
  2.2432549746e+00  1.3868427078e+00  1.8709497219e-01
  3.6333829593e+00  2.9301892070e+00  6.4531692167e-01
  1.8599588893e+00  2.6561221980e+00  1.7572072024e+00
  2.3926158467e+00  2.8906327609e+00  2.8388073475e+00
  1.3819664745e+00  2.2008933114e+00  3.8501343220e+00
  3.5176498302e+00  3.5687648417e+00  5.0933931613e+00
  1.7266356857e+00  1.3970780028e+00  6.0706262279e+00
  3.5756399476e+00  2.7698966432e+00  7.4806516073e+00
  1.6492914533e+00  1.7083163150e+00  7.6288544205e+00
  3.4504705308e+00  2.7266415040e+00  8.6604450212e+00
  2.3399421071e+00  1.9516783043e+00  1.0782102992e+01
  3.0418005555e+00  2.5972491454e+00  1.1711930425e+01
  1.8291689871e+00  1.3576585647e+00  1.2156489430e+01
  3.4067818828e+00  3.0130356641e+00  1.2598115858e+01
  1.6421955090e+00  2.1227575767e+00  1.3637856723e+01
  3.5098142473e+00  3.0740445316e+00  1.4703750034e+01
  2.1199953493e+00  4.7386475252e+00  1.7094816299e-01
  2.8919518482e+00  4.3916548581e+00  9.8854392254e-01
  1.9986733483e+00  3.4925406010e+00  2.4429056937e+00
  3.5473024163e+00  4.9043523197e+00  2.5836694256e+00
  1.8976701586e+00  4.0856041121e+00  3.3715933667e+00
  2.5871454683e+00  5.5948238068e+00  4.9495749710e+00
  2.2085582392e+00  3.6088103155e+00  5.5849768691e+00
  3.3372855651e+00  5.3890674373e+00  6.5487100330e+00
  2.4239545516e+00  3.8125652375e+00  7.5963975553e+00
  3.2229881056e+00  4.8995406906e+00  9.7969022762e+00
  2.4200200645e+00  3.6580768679e+00  1.0579858580e+01
  2.3673796079e+00  5.0101614243e+00  1.1341544817e+01
  1.6320075761e+00  3.4844392685e+00  1.2233158955e+01
  2.6282088234e+00  5.2972792142e+00  1.2680227606e+01
  2.0932408829e+00  4.2285702335e+00  1.4897717085e+01
  3.4898105576e+00  5.6205074750e+00  1.5292616151e+01
  2.2431976213e+00  6.6583969385e+00 -3.6096231306e-01
  3.3193746744e+00  7.1982307597e+00  1.6577484899e+00
  1.3585731426e+00  6.2723176605e+00  1.9276432484e+00
  2.9256644827e+00  6.5667363890e+00  3.4788034670e+00
  2.5078824454e+00  6.1874326904e+00  3.5534128195e+00
  3.4212432813e+00  7.5342869455e+00  4.6612449458e+00
  2.5817311766e+00  6.4520131674e+00  5.8424006449e+00
  2.5804422827e+00  7.6150000950e+00  6.9627496042e+00
  2.3906433935e+00  5.5259001155e+00  8.3338801336e+00
  2.3436744765e+00  7.0910494104e+00  9.1125355718e+00
  2.4456280316e+00  6.6310257019e+00  1.0338322829e+01
  3.1639539520e+00  7.3906924318e+00  1.1804193396e+01
  2.2973307142e+00  5.7950458968e+00  1.2765039397e+01
  2.6363319851e+00  7.3545824665e+00  1.3717446644e+01
  1.4751219242e+00  5.6623698290e+00  1.4193493817e+01
  2.4161174554e+00  7.2608886966e+00  1.4959753135e+01
  2.5261251360e+00  7.6962210638e+00  2.5855676631e-01
  3.0856300155e+00  8.9912522722e+00  3.2885105542e-01
  1.4309349085e+00  7.7826719993e+00  2.1666923061e+00
  2.4417030672e+00  8.8674670430e+00  3.2814767231e+00
  2.2322121168e+00  8.2322364630e+00  4.7274275860e+00
  3.0309354952e+00  9.0447652404e+00  5.7744780423e+00
  1.4632457761e+00  7.7099972639e+00  6.1283863780e+00
  3.2806750797e+00  8.5962950505e+00  7.4894012141e+00
  2.1381870009e+00  8.3833170830e+00  7.4788171443e+00
  3.3250145167e+00  8.5428137255e+00  9.3872710108e+00
  1.3757044074e+00  7.8733121177e+00  1.0207331558e+01
  3.0348347652e+00  9.7699325206e+00  1.0858387714e+01
  2.1639227636e+00  8.5620725246e+00  1.2720246499e+01
  3.5691958993e+00  9.5708762228e+00  1.3390441449e+01
  2.2573318495e+00  7.9038841917e+00  1.3588256615e+01
  2.4685661390e+00  9.3059953111e+00  1.5597557644e+01
  1.8343836678e+00  1.0045656557e+01 -6.6661934376e-01
  3.2089419149e+00  1.1701030889e+01  1.4481024971e+00
  2.4871037079e+00  1.0587310275e+01  2.3473424628e+00
  2.5476789041e+00  1.1092864652e+01  3.5365465151e+00
  2.4919393852e+00  9.6459498204e+00  4.2149644330e+00
  2.9474598219e+00  1.1441147411e+01  4.4356773284e+00
  1.5490272271e+00  9.8197252993e+00  5.7053294682e+00
  3.3861012209e+00  1.1777810480e+01  7.2126168188e+00
  1.9228874800e+00  9.4704543604e+00  8.2452611658e+00
  3.0477169881e+00  1.0569930191e+01  8.7730170622e+00
  2.1013848501e+00  1.0391152194e+01  1.0813994259e+01
  2.6329412121e+00  1.1154884725e+01  1.0601535491e+01
  1.8239545147e+00  1.0764782476e+01  1.2469359874e+01
  3.6118829587e+00  1.1407524620e+01  1.2856309097e+01
  1.5469124356e+00  1.0392323642e+01  1.4669031015e+01
  2.6201078925e+00  1.0857286209e+01  1.4768730432e+01
  2.7004640475e+00  1.1969765147e+01  7.4630627264e-03
  3.0530936677e+00  1.3806836370e+01  6.5700352504e-01
  1.6142754851e+00  1.2701504608e+01  2.2667774320e+00
  3.1026825041e+00  1.3703910633e+01  3.5358080849e+00
  2.0443822094e+00  1.2090942703e+01  4.7589794450e+00
  2.9927223294e+00  1.2658386495e+01  4.6335056271e+00
  2.2626733968e+00  1.1902121084e+01  5.4923873811e+00
  3.0860899118e+00  1.2933705013e+01  7.7578949520e+00
  1.4180298766e+00  1.2473103572e+01  8.3159231279e+00
  3.7249823922e+00  1.3386897303e+01  9.1226238812e+00
  2.6489015950e+00  1.2495839902e+01  1.0286118930e+01
  3.2556607912e+00  1.2722698610e+01  1.0699335154e+01
  1.5441825406e+00  1.2445016441e+01  1.2622937713e+01
  2.5528068760e+00  1.2724206952e+01  1.3354646223e+01
  2.5796253052e+00  1.2051262665e+01  1.3797653550e+01
  2.7294970664e+00  1.3104881686e+01  1.5853120143e+01
  1.8230166554e+00  1.3983722193e+01  6.3033301780e-01
  3.0941599594e+00  1.5485952392e+01  3.6091178350e-01
  1.8282948241e+00  1.3886598319e+01  2.6181462004e+00
  2.5712631524e+00  1.4939221455e+01  3.4744403622e+00
  1.6841350089e+00  1.4074059400e+01  4.6571873510e+00
  3.1093260189e+00  1.5101227856e+01  4.3891571818e+00
  2.6300121652e+00  1.4218808394e+01  6.4620209691e+00
  3.4826648316e+00  1.5027270872e+01  7.6209807943e+00
  1.4196606709e+00  1.4294207117e+01  8.4635564840e+00
  2.9951967833e+00  1.5121219422e+01  8.4466941592e+00
  1.8670388569e+00  1.4078367147e+01  9.4850052271e+00
  3.6341699449e+00  1.5492418357e+01  1.0884000779e+01
  2.0147643879e+00  1.4351001522e+01  1.1495510813e+01
  3.5420926766e+00  1.5003706289e+01  1.3645388113e+01
  1.7571095782e+00  1.4623766817e+01  1.4721499865e+01
  3.4487851851e+00  1.5217996176e+01  1.4655480426e+01
  3.6155636611e+00  5.4325490241e-01  2.3749238013e-02
  4.7691506843e+00  1.6391651845e+00  1.1201793061e+00
  3.7211807923e+00 -4.2764939871e-02  2.6450103807e+00
  5.1843715862e+00  4.2342898837e-01  3.4112268858e+00
  3.3643735260e+00  7.8621902494e-02  4.0158348704e+00
  4.8944907724e+00  8.1923021706e-01  4.4271300169e+00
  3.5502085657e+00 -4.0341151122e-02  6.5740794522e+00
  5.5126408472e+00  7.1975296630e-01  6.6414010221e+00
  4.4818164186e+00 -5.6336373432e-01  8.0869757166e+00
  4.6194455185e+00  6.4527112891e-01  8.7546467878e+00
  3.5055004692e+00  3.3324850407e-01  1.0427486746e+01
  4.9613285284e+00  1.5169736069e+00  1.1650107893e+01
  4.0110157872e+00  1.4381520668e-01  1.2872813742e+01
  5.3220459757e+00  1.6489837567e+00  1.3017405144e+01
  3.5215757681e+00  3.7426542139e-02  1.4665927860e+01
  5.6890914970e+00  1.1932656311e+00  1.4933584391e+01
  4.2472105207e+00  1.4095940250e+00  2.7303295992e-01
  4.8916863061e+00  3.5534028231e+00  1.4666298251e+00
  3.5617206808e+00  1.5474562379e+00  1.9265904556e+00
  4.6810324562e+00  2.4772303628e+00  2.9292784708e+00
  3.6447672146e+00  2.3881390423e+00  4.5017315400e+00
  5.1940962916e+00  2.9733275748e+00  5.7674611735e+00
  4.1587699458e+00  2.5181171894e+00  6.5913450024e+00
  5.2629213581e+00  2.4221286564e+00  6.8424649172e+00
  4.7617863024e+00  2.0933021239e+00  8.1615885142e+00
  4.5420423387e+00  2.6167854338e+00  8.9857931213e+00
  4.6776049770e+00  2.0991668922e+00  1.0488735085e+01
  5.1425471853e+00  3.6862658873e+00  1.0885081372e+01
  3.7271114680e+00  1.8440199400e+00  1.2775816453e+01
  5.5481477034e+00  2.5492972382e+00  1.3363597110e+01
  4.5043039288e+00  2.5568934535e+00  1.4066007847e+01
  4.8411721484e+00  2.9396714718e+00  1.4578487667e+01
  4.3645419948e+00  3.6673854268e+00  4.9773788287e-01
  4.7592660278e+00  5.0605592120e+00  1.6427443453e+00
  4.3362092156e+00  4.3393607438e+00  1.4454441582e+00
  4.9907536915e+00  5.7756903602e+00  3.0457132850e+00
  3.5446628845e+00  4.5372388293e+00  4.0231968551e+00
  4.3883316058e+00  5.0798548555e+00  5.2190510478e+00
  3.9531643528e+00  4.7287221073e+00  6.2895496209e+00
  4.7303462843e+00  4.7747053636e+00  6.5767152448e+00
  3.4323775449e+00  4.3710147286e+00  8.0684952117e+00
  5.5806082864e+00  4.8791095888e+00  8.6894793150e+00
  4.7419931082e+00  4.2086128998e+00  1.0049599097e+01
  4.7552442225e+00  4.7046432493e+00  1.0668380117e+01
  4.1429312903e+00  3.5255383272e+00  1.1738055450e+01
  5.7143778348e+00  5.0869741530e+00  1.2902682022e+01
  3.6007571350e+00  3.9465572356e+00  1.3698421840e+01
  5.5486733837e+00  4.6028846574e+00  1.5014025198e+01
  3.5698691290e+00  5.8287107404e+00 -4.2773088863e-01
  4.5132279238e+00  7.2260026697e+00  1.4189668099e+00
  3.9043925609e+00  5.9427155512e+00  2.7000065766e+00
  4.5864037068e+00  6.7022391793e+00  3.3444461300e+00
  4.3524648961e+00  5.4696197913e+00  4.2104000657e+00
  5.2929838505e+00  6.5213450994e+00  4.7553026182e+00
  4.4033692395e+00  6.3953186341e+00  5.5572147764e+00
  5.6951582314e+00  7.1416630854e+00  7.4437519037e+00
  3.8029402757e+00  5.4823436209e+00  8.3584827625e+00
  5.7233185485e+00  7.3109260132e+00  9.3316911330e+00
  3.7006247571e+00  6.0759044371e+00  1.0758416105e+01
  5.0988675575e+00  6.4053819450e+00  1.1183296415e+01
  4.7216237368e+00  6.3072095164e+00  1.2304347492e+01
  5.0864003175e+00  7.3645551782e+00  1.2546250544e+01
  3.7746344404e+00  6.4273670232e+00  1.3668716270e+01
  4.4076059592e+00  6.9219104956e+00  1.5125627876e+01
  3.4391791456e+00  7.8684003050e+00  2.0434847508e-01
  5.5202127243e+00  8.6267940243e+00  8.2541226703e-01
  3.8438226741e+00  7.6072892072e+00  2.4557398393e+00
  5.5445206927e+00  9.2120030025e+00  3.5676816451e+00
  3.9015650179e+00  7.8385959504e+00  3.4392637276e+00
  5.4690789658e+00  8.7776668189e+00  5.5365620684e+00
  4.0811463340e+00  8.0508822657e+00  5.3935126629e+00
  5.1232008210e+00  8.5728945678e+00  6.6939339146e+00
  4.6474872941e+00  7.9609279519e+00  7.7695885787e+00
  5.6386495090e+00  9.1232894648e+00  9.5635799065e+00
  4.3729750833e+00  7.6492157101e+00  1.0570776016e+01
  4.4004484584e+00  8.9487641915e+00  1.1155790094e+01
  3.8593970298e+00  7.4841038304e+00  1.1975096590e+01
  5.1733744339e+00  9.1008962840e+00  1.2505573879e+01
  3.5075420517e+00  7.7008925044e+00  1.4124524323e+01
  5.1855448183e+00  9.2267116324e+00  1.5922221515e+01
  4.5539041935e+00  9.7675552460e+00 -3.2079923163e-01
  5.3640729941e+00  1.0897875654e+01  4.3365190556e-01
  4.4900780775e+00  9.5979679963e+00  2.0692076744e+00
  4.4503163079e+00  1.1037720903e+01  3.3363372781e+00
  4.1072890483e+00  9.9790984368e+00  4.7417079242e+00
  5.2857410982e+00  1.1242857301e+01  5.7456282706e+00
  3.6424341114e+00  1.0376083979e+01  6.6126938133e+00
  5.7770370057e+00  1.1221149129e+01  7.0530206034e+00
  3.8464073526e+00  9.5160960588e+00  7.9232093521e+00
  4.8142393782e+00  1.0754501245e+01  9.6421272981e+00
  4.2488253870e+00  9.6520794757e+00  9.6998488812e+00
  4.5192929454e+00  1.1171855287e+01  1.1598750356e+01
  4.1661326521e+00  9.6621166497e+00  1.2677139200e+01
  5.1328118168e+00  1.0811038482e+01  1.2599234826e+01
  4.2005406136e+00  9.6241433588e+00  1.3776553585e+01
  4.7841291640e+00  1.0531872586e+01  1.5265422614e+01
  3.4471330864e+00  1.2215212472e+01  3.4070607573e-01
  5.3975798368e+00  1.3542779314e+01  4.9007384153e-01
  4.0968104653e+00  1.1901997880e+01  2.6737490547e+00
  5.3410135787e+00  1.2962504686e+01  2.4395097581e+00
  3.7083913506e+00  1.2236529493e+01  3.4558622158e+00
  4.8340055835e+00  1.2549783284e+01  4.9727569249e+00
  3.5022363145e+00  1.2032727551e+01  5.6952972305e+00
  5.2476192304e+00  1.2585355572e+01  7.4024741676e+00
  4.1781458980e+00  1.1964558598e+01  7.4663761290e+00
  5.1913187626e+00  1.3586442499e+01  8.5616939062e+00
  3.4171767171e+00  1.2443547023e+01  1.0041563740e+01
  4.5110789577e+00  1.2784747913e+01  1.1148586066e+01
  4.5158180207e+00  1.2430336543e+01  1.1707101078e+01
  5.1801635950e+00  1.3102651675e+01  1.3890473523e+01
  4.4063074105e+00  1.1706559828e+01  1.4599864008e+01
  4.8244273894e+00  1.3635536752e+01  1.4739994496e+01
  4.1981285047e+00  1.4685659099e+01  5.0677707000e-01
  4.5473828008e+00  1.5615315958e+01  1.2751594259e+00
  3.7074528900e+00  1.4352806960e+01  1.4386756493e+00
  4.4945553528e+00  1.4850571351e+01  3.1429435843e+00
  3.6900851119e+00  1.3692496735e+01  4.3476063049e+00
  5.4855629916e+00  1.5086952812e+01  5.6318427918e+00
  3.3746452448e+00  1.4098582478e+01  6.1852824526e+00
  4.9664809356e+00  1.5848467832e+01  7.4298311642e+00
  4.7190528852e+00  1.4400033472e+01  7.9514439965e+00
  4.5191555280e+00  1.5582082619e+01  9.3865602423e+00
  4.4733979235e+00  1.4002267786e+01  1.0683807285e+01
  4.6984005301e+00  1.4726496569e+01  1.0861891122e+01
  4.1541789327e+00  1.3926149039e+01  1.2819959055e+01
  5.6966422339e+00  1.5378070343e+01  1.2900721860e+01
  4.3787256912e+00  1.4459587306e+01  1.4796509754e+01
  4.4627490481e+00  1.4923043075e+01  1.5378489721e+01
  5.7621334951e+00 -6.0752537856e-01  1.2820136634e-01
  7.5236106752e+00  5.2236422791e-01  7.3355043425e-01
  5.4222164497e+00 -1.5540513804e-01  1.8864524587e+00
  6.4644437622e+00  7.8046822124e-01  2.8885539789e+00
  6.1104493459e+00 -6.9224161444e-01  3.9375315800e+00
  7.3585041713e+00  1.6487588988e+00  4.9000841003e+00
  5.7881376881e+00  5.5792567440e-01  6.3942859649e+00
  7.5841739368e+00  1.3458989248e+00  6.7090426476e+00
  5.5897607810e+00 -1.8107389896e-01  7.6668809219e+00
  7.5393496587e+00  5.1145019429e-01  9.3746545980e+00
  6.4224453432e+00  2.6567762582e-01  1.0717028900e+01
  6.9838074343e+00  3.2620344334e-01  1.1236206476e+01
  5.4268794232e+00 -5.7528441733e-02  1.1966981335e+01
  6.8846435949e+00  3.4862971681e-01  1.3188551823e+01
  5.7461324617e+00 -6.0416881425e-01  1.4118723478e+01
  6.8594371204e+00  1.6298391807e+00  1.4996808734e+01
  6.4791897306e+00  2.3228654854e+00 -5.1055592293e-01
  6.5954874803e+00  3.1928806815e+00  1.4741787227e+00
  6.3682747494e+00  1.4775117072e+00  1.6950389278e+00
  7.2312051996e+00  3.5353156792e+00  3.5374154568e+00
  5.4870474519e+00  2.3427760882e+00  3.8870357171e+00
  7.0582725751e+00  2.4165104822e+00  5.3866694247e+00
  6.6753409017e+00  1.7076472926e+00  6.3195334873e+00
  7.6520800165e+00  3.4544096194e+00  7.2905050221e+00
  6.1599906161e+00  1.3309056035e+00  8.1433755857e+00
  7.3793655664e+00  2.5318217504e+00  9.5353957746e+00
  5.8166510852e+00  2.2735090939e+00  1.0754846594e+01
  7.0544882922e+00  2.3584145505e+00  1.1306942184e+01
  6.0534928452e+00  2.4080415729e+00  1.2778683859e+01
  7.7663980987e+00  3.0277918748e+00  1.2952872934e+01
  6.0251670815e+00  1.4216945977e+00  1.3871832009e+01
  6.7403868334e+00  2.6011893002e+00  1.5633980258e+01
  6.2549147005e+00  3.7362034045e+00 -6.0219226841e-01
  6.7145186906e+00  4.5700906333e+00  1.3023968150e+00
  6.1482664981e+00  3.3624850905e+00  1.9798157686e+00
  6.4978064623e+00  5.3487935839e+00  2.8263897677e+00
  5.7369296856e+00  3.8642939005e+00  3.4883088380e+00
  7.5234022220e+00  4.6590560136e+00  5.4618905519e+00
  5.7699939946e+00  4.6743690770e+00  5.9678338942e+00
  7.1511297353e+00  5.7072543339e+00  7.4192853030e+00
  6.0408329661e+00  3.4454815311e+00  7.7890688159e+00
  6.9092435679e+00  4.4417806044e+00  9.3656703878e+00
  6.7624437086e+00  4.0360576827e+00  1.0369866091e+01
  6.7157915114e+00  5.6584208522e+00  1.1112999334e+01
  6.6787206457e+00  3.8835228863e+00  1.1839485116e+01
  7.7786948585e+00  4.8998049196e+00  1.3320909505e+01
  5.7805004029e+00  3.5940311913e+00  1.3794691445e+01
  6.8672052333e+00  4.4866593880e+00  1.5528607289e+01
  6.1124758150e+00  6.5280546262e+00  5.5257893992e-01
  7.7546253622e+00  7.3204979377e+00  1.1959832700e+00
  5.7050133246e+00  6.5997844251e+00  1.7349743150e+00
  6.7780263570e+00  7.6381708425e+00  2.7221062733e+00
  6.0222164879e+00  5.7701871800e+00  3.4408905912e+00
  7.2656453572e+00  7.1382687248e+00  5.7626382924e+00
  5.6999095126e+00  6.0102800318e+00  5.5153906203e+00
  7.1282433433e+00  7.8106352891e+00  7.1486441931e+00
  5.5782547259e+00  5.7585342325e+00  7.7802482391e+00
  6.8957771369e+00  6.8107611929e+00  8.5385874388e+00
  6.6060337912e+00  5.8858263316e+00  1.0589592591e+01
  7.3112012481e+00  6.7132668820e+00  1.1716117363e+01
  5.8805416846e+00  6.3583260793e+00  1.1569997682e+01
  7.5479415839e+00  7.6288043052e+00  1.3378049835e+01
  5.6285443722e+00  6.4131695832e+00  1.3796562457e+01
  7.7370046518e+00  7.1763422774e+00  1.5541327862e+01
  6.0340393703e+00  8.5696637542e+00  5.4120493565e-01
  6.4662499249e+00  9.4073364258e+00  9.1170303418e-01
  6.0128125479e+00  7.4503713736e+00  1.8444798502e+00
  6.5220593570e+00  8.8324919074e+00  3.2848877583e+00
  5.8491850126e+00  7.6312159791e+00  4.5009914358e+00
  7.4100124456e+00  9.7727288804e+00  5.1332382294e+00
  6.7471513397e+00  8.0320179549e+00  6.3351170132e+00
  6.7791231827e+00  9.6351809825e+00  6.7332579504e+00
  6.6219457055e+00  8.0442867318e+00  7.6669906396e+00
  7.3048754383e+00  8.4644573585e+00  9.1121241089e+00
  5.9949456537e+00  7.5667703016e+00  9.7368185461e+00
  7.4265611939e+00  9.6584001298e+00  1.1523451912e+01
  6.4705742784e+00  7.5305506047e+00  1.2201836649e+01
  7.7915407956e+00  9.0895516476e+00  1.3040392106e+01
  6.2195491193e+00  8.7899018250e+00  1.4028438604e+01
  6.8934521724e+00  9.4555338912e+00  1.5823154156e+01
  5.7851279611e+00  1.0770005184e+01  1.4825232516e-01
  6.7920507846e+00  1.0549109610e+01  1.1089301720e+00
  5.8965062867e+00  9.7512436447e+00  1.4893669635e+00
  6.5861165108e+00  1.1279113671e+01  2.5879000866e+00
  6.2433365956e+00  9.6749652750e+00  4.5538952031e+00
  6.9082680137e+00  1.0741210213e+01  4.5572954724e+00
  6.6131143144e+00  1.0012835948e+01  6.5449577438e+00
  7.2927261565e+00  1.1849168549e+01  7.1300648867e+00
  6.7904429822e+00  1.0215280013e+01  8.0537509669e+00
  6.7353609348e+00  1.1655350560e+01  9.4868938576e+00
  5.9615888653e+00  1.0446703809e+01  9.5283938066e+00
  7.2732248166e+00  1.0585763100e+01  1.0815614367e+01
  6.0617695713e+00  9.5531583188e+00  1.2549051747e+01
  7.5212124488e+00  1.1281782104e+01  1.2642679771e+01
  6.6914017554e+00  9.8105979352e+00  1.4081730355e+01
  6.6369147195e+00  1.1381681744e+01  1.4755001399e+01
  6.3451208306e+00  1.2575063594e+01 -5.2920688450e-01
  7.6517350584e+00  1.2771128076e+01  1.1366238986e+00
  6.2012847610e+00  1.2751362561e+01  2.4355181150e+00
  7.2831614156e+00  1.2575748991e+01  3.3165451520e+00
  5.8799039716e+00  1.2310819356e+01  3.4032090384e+00
  6.4312456988e+00  1.3276230215e+01  5.2528206392e+00
  6.4475826986e+00  1.2664617661e+01  5.7185783600e+00
  7.5373180132e+00  1.3418710655e+01  7.6222411440e+00
  6.2229293228e+00  1.2455944528e+01  8.7605874983e+00
  6.4911944737e+00  1.3228666561e+01  9.4759389768e+00
  6.4351670182e+00  1.2683215099e+01  1.0516516523e+01
  7.3563328616e+00  1.3746826360e+01  1.1539543838e+01
  6.1815542496e+00  1.1693290394e+01  1.2680358887e+01
  7.3808351313e+00  1.3496410392e+01  1.2623696611e+01
  6.0460348390e+00  1.1845812257e+01  1.3602946343e+01
  6.8523917806e+00  1.2566386029e+01  1.5071149003e+01
  5.6123021331e+00  1.3799383890e+01  2.9920171328e-01
  6.8316492334e+00  1.4619271669e+01  1.2211696073e+00
  6.7425377337e+00  1.4411004710e+01  1.8426964551e+00
  7.2593237312e+00  1.5298353315e+01  3.7305401034e+00
  5.7507644865e+00  1.4112620206e+01  3.4562153585e+00
  7.2324488450e+00  1.5613218201e+01  4.4989797708e+00
  6.4551260246e+00  1.4790319915e+01  5.9054784357e+00
  6.7313945072e+00  1.4697618353e+01  6.8502590456e+00
  6.3477712937e+00  1.3808136405e+01  7.6112452159e+00
  7.5969059987e+00  1.5014530728e+01  8.6823957484e+00
  6.2969899403e+00  1.3622887809e+01  1.0471881885e+01
  6.9440622790e+00  1.5852362429e+01  1.1459854669e+01
  5.5593452289e+00  1.3971937699e+01  1.1798505002e+01
  7.2431273421e+00  1.5910348091e+01  1.3069618372e+01
  6.3678487773e+00  1.4516853003e+01  1.4791057180e+01
  7.0436695573e+00  1.4560731085e+01  1.5033706492e+01
  8.2832971428e+00 -1.9911395578e-01  6.5572354914e-01
  9.6894738676e+00  1.1613146233e+00  1.4293383267e+00
  8.1944762935e+00  5.2149442357e-01  1.5640182249e+00
  9.4040182584e+00  3.8743354411e-01  3.2213082892e+00
  8.1190209105e+00 -4.9152018047e-01  3.5586328965e+00
  9.1895666306e+00  3.7270168387e-01  5.3591007409e+00
  8.0643049059e+00  2.3009034529e-01  6.7551859624e+00
  8.6197166457e+00  1.3919829233e+00  6.8202619160e+00
  8.5849724444e+00  2.1524568981e-01  7.6380277595e+00
  9.3533669794e+00  6.4881432752e-01  8.5784315080e+00
  8.3336113843e+00 -2.7580465363e-01  1.0767364418e+01
  9.2524011666e+00  7.3319302671e-01  1.0536030600e+01
  8.7213702831e+00  3.2942216751e-01  1.2013880564e+01
  9.1335299298e+00  3.4374245585e-01  1.3410548990e+01
  7.9490038915e+00  1.5198804084e-01  1.3552717442e+01
  9.7584841603e+00  1.2222056456e+00  1.5495419580e+01
  8.3686381038e+00  2.2667357109e+00 -6.1609755134e-01
  9.7973998599e+00  3.2097839847e+00  1.2039182440e+00
  8.2683671599e+00  1.3540303162e+00  1.9050417118e+00
  8.8950024579e+00  2.9729198730e+00  2.3909069579e+00
  7.8842459916e+00  1.5271449063e+00  3.6334636771e+00
  8.9956950937e+00  2.7842104136e+00  5.7143042413e+00
  8.3094830139e+00  2.5703124645e+00  5.6810128192e+00
  9.3654836358e+00  3.2313924176e+00  6.4683894547e+00
  8.4601954449e+00  1.4137519197e+00  8.1551889434e+00
  9.7266798837e+00  2.8668785927e+00  8.7960596789e+00
  7.9624693235e+00  2.4456039693e+00  1.0699983219e+01
  8.9588795351e+00  2.4503141895e+00  1.1497507717e+01
  8.4368222805e+00  2.6543730655e+00  1.2278431391e+01
  9.3585128964e+00  3.4063886227e+00  1.2638020763e+01
  7.8688817190e+00  2.0465407731e+00  1.3561508988e+01
  9.2015986039e+00  3.5804164815e+00  1.5686451841e+01
  8.8111162069e+00  4.1866195085e+00  8.5654050570e-02
  9.1621865676e+00  4.3759096810e+00  1.0629517016e+00
  7.7627149741e+00  3.5188899934e+00  1.7673715288e+00
  8.7431536500e+00  4.7253603245e+00  3.5089959889e+00
  7.5878480579e+00  4.4631914835e+00  3.8461718078e+00
  8.8931058431e+00  5.2200638257e+00  5.7208978513e+00
  8.3599065838e+00  4.7129465411e+00  5.9680519936e+00
  9.2735857185e+00  5.4692623096e+00  7.6773045647e+00
  8.3925106209e+00  3.6787069848e+00  7.5986583674e+00
  9.5658489915e+00  4.5826801747e+00  8.8780134842e+00
  8.3166162826e+00  3.6258967335e+00  1.0672405285e+01
  9.7018055386e+00  5.4451413564e+00  1.1379420163e+01
  7.7309309837e+00  4.4539409206e+00  1.2618289698e+01
  8.9377402421e+00  5.5442284738e+00  1.3687764179e+01
  8.4395039880e+00  3.6767168911e+00  1.3719999518e+01
  9.1661111418e+00  4.4694039602e+00  1.5585354607e+01
  7.4271011053e+00  6.0868820877e+00 -9.6383721025e-02
  9.5046640229e+00  7.6048941730e+00  6.7602484427e-01
  8.2496341933e+00  6.6443096528e+00  1.6123485504e+00
  8.4608129397e+00  7.1589789154e+00  2.8680873513e+00
  7.4795511967e+00  5.8697021931e+00  3.8893177793e+00
  9.1450067714e+00  7.2225713278e+00  5.7717281524e+00
  7.4773510834e+00  6.2694278276e+00  5.8791923287e+00
  8.9940064335e+00  6.4222653442e+00  7.1624345836e+00
  7.4700818523e+00  5.8534041734e+00  8.2239010306e+00
  9.7086208731e+00  7.5173671081e+00  9.0768546509e+00
  7.4237534289e+00  6.1209375045e+00  1.0217205751e+01
  8.6710598621e+00  7.5731302239e+00  1.0926209369e+01
  8.5819622191e+00  6.5993683608e+00  1.2016126491e+01
  8.7610419701e+00  6.5154639568e+00  1.3210049331e+01
  8.4714581119e+00  5.6189311526e+00  1.4603687094e+01
  8.5841116576e+00  6.6893721161e+00  1.5336763733e+01
  7.7641446082e+00  7.8597847023e+00 -5.4377356822e-01
  8.8374804333e+00  8.5580560487e+00  7.5917514194e-01
  7.4667812843e+00  8.3688166674e+00  1.9751101159e+00
  9.2690573705e+00  9.0127386982e+00  2.3666898941e+00
  8.8223711868e+00  8.0760037841e+00  3.9915062509e+00
  9.4693170544e+00  8.8105415905e+00  5.6047593247e+00
  8.0578572811e+00  7.6677262229e+00  5.5615541410e+00
  8.5464851597e+00  9.2337921015e+00  6.7418425048e+00
  8.3135656595e+00  8.1130418189e+00  7.4465488217e+00
  9.7935258516e+00  9.3465051354e+00  8.9833129987e+00
  7.6713414032e+00  7.7137197739e+00  1.0503949353e+01
  8.5993541953e+00  8.8057365658e+00  1.1473550820e+01
  7.4352955722e+00  8.0292160316e+00  1.2294155122e+01
  8.8614141143e+00  9.7057894495e+00  1.2890084169e+01
  8.5534673758e+00  7.6469475615e+00  1.4505052190e+01
  9.7752046249e+00  9.4390092262e+00  1.5198306825e+01
  8.0423806762e+00  1.0548404856e+01 -5.7755192440e-01
  9.4845364810e+00  1.1123546501e+01  4.0415679386e-01
  8.0373510503e+00  9.5720017533e+00  1.6468121243e+00
  9.4144483839e+00  1.1735955006e+01  3.3621886787e+00
  8.3571932823e+00  1.0479036319e+01  4.6413243283e+00
  9.0042982031e+00  1.0966694787e+01  5.7371811574e+00
  8.0761238205e+00  9.9602740495e+00  6.7673774875e+00
  8.4619716062e+00  1.1334685803e+01  7.2033346861e+00
  8.2761724441e+00  1.0209959076e+01  8.8087031234e+00
  8.7702785384e+00  1.0585447105e+01  9.2674997758e+00
  7.4242498847e+00  1.0150109770e+01  1.0082053569e+01
  9.3032526719e+00  1.0625423707e+01  1.0756891227e+01
  8.6221239515e+00  1.0476185154e+01  1.1806911691e+01
  9.4357078763e+00  1.0906768987e+01  1.3782621473e+01
  7.4712313863e+00  1.0376216731e+01  1.4075749815e+01
  8.8634918857e+00  1.1143550172e+01  1.5879097671e+01
  7.5560945551e+00  1.1877224951e+01  2.7773493650e-01
  8.9777243285e+00  1.2878492524e+01  4.1176982652e-01
  7.8182761609e+00  1.2474041879e+01  1.4665886873e+00
  9.0122351614e+00  1.2558819405e+01  3.3029383620e+00
  8.7878576451e+00  1.2282608244e+01  3.8499736001e+00
  9.1110929739e+00  1.3868060498e+01  4.8541494618e+00
  7.5166567527e+00  1.2099198868e+01  6.4373763398e+00
  8.7296570128e+00  1.2741104589e+01  6.7692948829e+00
  8.2792469900e+00  1.1588461342e+01  7.7865963191e+00
  9.2365456194e+00  1.2520138396e+01  9.2855268184e+00
  7.7340324813e+00  1.1841317070e+01  1.0628407153e+01
  9.2104232219e+00  1.2501928660e+01  1.1146726971e+01
  8.5105771807e+00  1.2770167562e+01  1.2251587062e+01
  8.4929546746e+00  1.3181420735e+01  1.3478215170e+01
  7.7903281200e+00  1.2394234875e+01  1.3633650505e+01
  8.8720916439e+00  1.3194233499e+01  1.4581780945e+01
  8.6103810694e+00  1.4060460337e+01  4.8365701616e-01
  9.7546337871e+00  1.5403335102e+01  7.1982938627e-01
  8.5263360606e+00  1.3687553376e+01  1.8012016382e+00
  9.1713575554e+00  1.5721627437e+01  3.5512125582e+00
  7.4750281439e+00  1.4481068351e+01  4.1260215288e+00
  9.8322469329e+00  1.5254422167e+01  5.1983984100e+00
  7.5296517637e+00  1.4411401783e+01  6.4154181147e+00
  8.6072567351e+00  1.4774485123e+01  7.0645136471e+00
  8.0865219812e+00  1.4750509880e+01  7.6668808404e+00
  9.2599858742e+00  1.5396195593e+01  8.4659406284e+00
  7.5192637637e+00  1.3917652444e+01  1.0354199511e+01
  9.5933037310e+00  1.5438898899e+01  1.1666944346e+01
  7.7891462702e+00  1.3851551504e+01  1.1686684773e+01
  9.5959189998e+00  1.4973353945e+01  1.2732970024e+01
  8.5593487340e+00  1.4762377508e+01  1.4127388765e+01
  8.5685720614e+00  1.5348926815e+01  1.4838188694e+01
  1.0432617668e+01 -1.1837612205e-01  6.3553980536e-01
  1.0718534699e+01  1.1513294607e+00  1.5372978961e+00
  9.5740914858e+00  2.4938072191e-01  1.7222122514e+00
  1.1469364244e+01  1.6524245201e+00  3.0481246231e+00
  9.5933037431e+00 -2.2217821857e-01  3.7012653687e+00
  1.0696716613e+01  6.0491313881e-01  5.3967852198e+00
  1.0164677214e+01  3.9343976318e-01  6.6761867834e+00
  1.1491675716e+01  1.6111593692e+00  7.3009354314e+00
  1.0107911437e+01 -6.8478693562e-01  8.2784177454e+00
  1.0592598487e+01  9.7469902115e-01  8.7403002493e+00
  1.0349603832e+01  2.5097602466e-01  9.5271977193e+00
  1.0769818963e+01  4.4201933554e-01  1.1095867874e+01
  1.0001221424e+01 -5.1716484436e-01  1.1734460419e+01
  1.0869704606e+01  1.4626355437e+00  1.2749186771e+01
  9.5701540524e+00 -6.0924303688e-02  1.3830685663e+01
  1.1781166811e+01  1.0027213082e+00  1.4883332317e+01
  1.0242480742e+01  2.4263923449e+00  5.7533236771e-01
  1.0485095293e+01  2.9862744759e+00  8.6856942527e-01
  1.0468080534e+01  1.5420753889e+00  2.4284023455e+00
  1.0557011065e+01  3.3073057619e+00  3.2714599986e+00
  1.0788535704e+01  1.7478894918e+00  4.1780873459e+00
  1.1251474282e+01  2.3478667870e+00  5.0587885260e+00
  1.0771816582e+01  1.7980153567e+00  6.3384603425e+00
  1.1473054188e+01  3.5230762754e+00  6.6885817495e+00
  1.0672516689e+01  1.7676364737e+00  8.5212548924e+00
  1.0677560117e+01  3.4536124200e+00  8.8457908418e+00
  1.0753053982e+01  1.8886788577e+00  1.0497157051e+01
  1.1769970819e+01  3.3388046484e+00  1.0946473104e+01
  9.5941186764e+00  2.3497452898e+00  1.1905270769e+01
  1.1869118587e+01  2.9749084268e+00  1.3159049598e+01
  1.0746455049e+01  2.2995773042e+00  1.3946736283e+01
  1.0963797550e+01  3.7180678043e+00  1.5196917682e+01
  1.0548454540e+01  4.4464926541e+00  4.3858208295e-01
  1.1729265587e+01  4.9425833386e+00  6.0982299392e-01
  1.0388949686e+01  4.0801377562e+00  2.6942751212e+00
  1.1844775769e+01  5.2000681487e+00  3.2056369108e+00
  1.0343308540e+01  4.7379609361e+00  4.1131079910e+00
  1.1027612762e+01  5.4537968534e+00  4.5004564701e+00
  1.0616170227e+01  3.5314295967e+00  6.0644975709e+00
  1.1371222951e+01  4.4247310843e+00  7.2776104954e+00
  1.0429331045e+01  4.2357424247e+00  8.7481405030e+00
  1.1483686537e+01  5.6058068617e+00  9.4827220457e+00
  9.5703097147e+00  3.7198219955e+00  1.0344859958e+01
  1.1296780936e+01  5.7315945226e+00  1.1396793616e+01
  1.0487195988e+01  4.6778833785e+00  1.2258998694e+01
  1.0513860302e+01  5.2949093161e+00  1.3072842254e+01
  9.8574990916e+00  4.6915147432e+00  1.4116006349e+01
  1.0583271020e+01  5.4423314306e+00  1.5363096602e+01
  9.4911898828e+00  5.9060368101e+00  1.3927029087e-01
  1.0951951825e+01  7.2878893208e+00  1.6597448965e+00
  1.0602001762e+01  5.6568034462e+00  2.3549094188e+00
  1.0962524591e+01  6.5174227335e+00  2.7265481066e+00
  1.0494821741e+01  6.5474779911e+00  3.6461078751e+00
  1.0928151973e+01  7.6518945578e+00  4.7020201626e+00
  9.9747260555e+00  5.5658844877e+00  5.6632956114e+00
  1.0793852876e+01  6.9075015868e+00  7.6677243753e+00
  1.0531441052e+01  6.6373575013e+00  8.3626678972e+00
  1.0720000603e+01  7.5832611000e+00  9.3976617921e+00
  1.0346084153e+01  5.7822642319e+00  9.5533975989e+00
  1.0609700879e+01  7.5192070198e+00  1.1061782889e+01
  1.0047780839e+01  5.4646220837e+00  1.2483725655e+01
  1.1604900294e+01  6.9293071754e+00  1.3725123563e+01
  9.4980112104e+00  5.9486829926e+00  1.4010763117e+01
  1.0715749112e+01  6.6021867269e+00  1.5410948367e+01
  9.9003129026e+00  7.6313014358e+00 -4.3287172145e-01
  1.1151645280e+01  8.4410289612e+00  1.0978287772e+00
  1.0468652380e+01  8.2085943976e+00  1.4069316603e+00
  1.0665325139e+01  9.6237196539e+00  3.1194726460e+00
  9.4672696833e+00  8.2570240889e+00  3.9962206466e+00
  1.1642391840e+01  8.8531216485e+00  4.6412651425e+00
  1.0349063691e+01  7.4578640903e+00  5.9763914508e+00
  1.1131376684e+01  8.9164165092e+00  7.7746069301e+00
  9.8047873996e+00  8.6172303655e+00  8.4832634981e+00
  1.1274947901e+01  8.8278403451e+00  8.5174435592e+00
  1.0234726466e+01  7.9992961759e+00  1.0842813904e+01
  1.1542082725e+01  8.6215221554e+00  1.1468192041e+01
  9.8213275019e+00  7.5377013860e+00  1.1986220323e+01
  1.1611186614e+01  8.9735024473e+00  1.3724219275e+01
  1.0586469895e+01  8.5844390516e+00  1.3905832955e+01
  1.1493428208e+01  9.5160131588e+00  1.5731449430e+01
  9.6475157377e+00  9.8634549991e+00  3.9045685542e-01
  1.0474756152e+01  1.1068804373e+01  9.9113163771e-01
  9.4849788742e+00  1.0104265498e+01  2.2395498052e+00
  1.1415119724e+01  1.1292411155e+01  2.3981990044e+00
  9.5329868655e+00  1.0280917654e+01  4.3657099356e+00
  1.0716828345e+01  1.1247099876e+01  5.6097685492e+00
  9.7016676607e+00  1.0018785314e+01  5.5724899911e+00
  1.1865229136e+01  1.1239035634e+01  7.0210379269e+00
  1.0313345914e+01  1.0102333107e+01  7.4405176741e+00
  1.0666008557e+01  1.0973712093e+01  8.6903249523e+00
  1.0125913927e+01  9.5523795342e+00  9.7930636871e+00
  1.0532286552e+01  1.1163697769e+01  1.0874471886e+01
  1.0247045118e+01  9.4586922183e+00  1.2145030628e+01
  1.1446159262e+01  1.0535253674e+01  1.3325876031e+01
  9.8710151041e+00  1.0429885489e+01  1.4799053148e+01
  1.0495450385e+01  1.1356819766e+01  1.5164763140e+01
  1.0504849633e+01  1.2585163675e+01  4.6181047494e-01
  1.1765603914e+01  1.3244619414e+01  6.4268990376e-01
  1.0267464094e+01  1.1678395125e+01  1.5569910992e+00
  1.0717971043e+01  1.2777593321e+01  2.7140605463e+00
  1.0472957388e+01  1.2153861483e+01  4.6887898652e+00
  1.0676631869e+01  1.3434495089e+01  5.5211247030e+00
  9.8556196824e+00  1.1734719867e+01  5.6438753098e+00
  1.1235653786e+01  1.3088848168e+01  6.4170812637e+00
  9.6212641944e+00  1.1800272871e+01  8.3716610426e+00
  1.1205909533e+01  1.3392892806e+01  8.4634006886e+00
  9.6264794221e+00  1.2542987589e+01  1.0452020505e+01
  1.0868191478e+01  1.2911195620e+01  1.1735591360e+01
  1.0441562253e+01  1.2803127118e+01  1.2364973504e+01
  1.0982172522e+01  1.2748273695e+01  1.3705597210e+01
  1.0620967647e+01  1.2430924847e+01  1.4683777562e+01
  1.0873151715e+01  1.3379164287e+01  1.5844884453e+01
  1.0133611209e+01  1.3568944673e+01 -2.7306067690e-01
  1.1609596226e+01  1.4796437322e+01  1.3502225192e+00
  1.0810531267e+01  1.4394339243e+01  1.8470846077e+00
  1.1374895675e+01  1.5889225355e+01  2.8984137520e+00
  1.0378964154e+01  1.4131906714e+01  4.7235092672e+00
  1.1169601519e+01  1.5902384862e+01  5.2925553056e+00
  1.0663600736e+01  1.3733208732e+01  6.1406090358e+00
  1.0478630683e+01  1.5299993687e+01  7.2169286396e+00
  9.4728659980e+00  1.4327064404e+01  7.9914317148e+00
  1.0871470524e+01  1.5379392516e+01  8.5198232444e+00
  9.4751656676e+00  1.4378626971e+01  1.0236837172e+01
  1.0777366935e+01  1.5110412572e+01  1.0599942051e+01
  1.0569422636e+01  1.4782941492e+01  1.2240400615e+01
  1.0754070741e+01  1.5722083715e+01  1.3487663900e+01
  1.0829474796e+01  1.4382814839e+01  1.4104819306e+01
  1.1287929803e+01  1.4892202006e+01  1.5836985597e+01
  1.1527709554e+01  2.4568880294e-01  3.5861129559e-02
  1.2676110641e+01  1.2461659135e+00  6.0837031834e-01
  1.2204536992e+01  3.4943638760e-01  1.4206346087e+00
  1.2559230415e+01  1.2029963336e+00  2.8289448924e+00
  1.1946614110e+01 -2.5160012456e-01  3.4501282056e+00
  1.3387022057e+01  9.6900581947e-01  5.7545636437e+00
  1.1626112450e+01  3.6987124714e-01  5.8815372103e+00
  1.2578817866e+01  7.8783789958e-01  6.8730594590e+00
  1.2557837394e+01  5.9726720764e-01  8.1219615639e+00
  1.3302850129e+01  4.3904752568e-01  8.7490822541e+00
  1.2412680255e+01 -6.5470177399e-01  1.0277380428e+01
  1.2581374875e+01  7.0630020048e-01  1.1048698387e+01
  1.2520041906e+01 -3.3821045406e-01  1.2704676213e+01
  1.3444853435e+01  3.7670479036e-01  1.3035021456e+01
  1.1979090246e+01  2.2864549934e-01  1.3584619648e+01
  1.3038655563e+01  1.0056465344e+00  1.5916882874e+01
  1.1774575761e+01  1.9042748053e+00  5.5647654120e-01
  1.3872630797e+01  3.0057895712e+00  8.0832511047e-01
  1.1983144297e+01  1.3713593837e+00  2.1678179125e+00
  1.2590847516e+01  3.1613170356e+00  2.7164758909e+00
  1.1653509344e+01  1.9694763664e+00  3.6062984930e+00
  1.3691440897e+01  3.4868077648e+00  5.3246483551e+00
  1.1667008831e+01  2.3196403676e+00  6.4702667824e+00
  1.3566869650e+01  2.7436748000e+00  6.5890799030e+00
  1.1533432320e+01  1.7687934474e+00  8.1439616394e+00
  1.3196103327e+01  3.6693303282e+00  9.4666827902e+00
  1.2169525908e+01  1.7006007661e+00  1.0775934997e+01
  1.3731893926e+01  2.7693837173e+00  1.0800521394e+01
  1.1877145445e+01  2.6404428184e+00  1.2018120176e+01
  1.3349908961e+01  3.5732059474e+00  1.2759288574e+01
  1.2257568401e+01  1.9900028467e+00  1.3518292252e+01
  1.2977544785e+01  2.3893751197e+00  1.5346632700e+01
  1.2748081891e+01  4.3347286570e+00  3.2354033406e-01
  1.2727642050e+01  5.1120816378e+00  1.5344008325e+00
  1.2154808032e+01  4.2507860292e+00  1.3539606981e+00
  1.3452807169e+01  5.6135358177e+00  2.6663610397e+00
  1.1837735386e+01  4.4343871753e+00  3.5771960493e+00
  1.3592598042e+01  5.4432203489e+00  4.6211160962e+00
  1.1641231075e+01  4.4908673961e+00  6.2125612581e+00
  1.2907438612e+01  4.6707158567e+00  6.6154991068e+00
  1.2823838837e+01  4.3571384676e+00  8.1564071499e+00
  1.2551723310e+01  4.8590627658e+00  9.2978374505e+00
  1.2833102597e+01  3.7921044600e+00  1.0096605257e+01
  1.3801708131e+01  5.0281324875e+00  1.0806757828e+01
  1.1513709047e+01  4.0525029691e+00  1.2393195562e+01
  1.2572468052e+01  5.2112794062e+00  1.3486836993e+01
  1.1713641467e+01  3.5721842215e+00  1.4395754691e+01
  1.3746155468e+01  4.6774921239e+00  1.5428304598e+01
  1.2117050466e+01  6.5628929342e+00  5.1907794422e-01
  1.3141433457e+01  6.4874302836e+00  1.3405534385e+00
  1.1724111228e+01  6.4817046866e+00  1.6696653234e+00
  1.3191118929e+01  7.0626126077e+00  3.7484842595e+00
  1.2121683561e+01  6.3872387486e+00  3.4261680454e+00
  1.3627966052e+01  6.5999346864e+00  5.3109166837e+00
  1.2550017443e+01  6.6868289021e+00  5.9937334076e+00
  1.3869667512e+01  7.3250994098e+00  7.0680996123e+00
  1.2363054971e+01  5.5987403965e+00  7.6556472467e+00
  1.2567270173e+01  6.8413343617e+00  9.2856860739e+00
  1.2129254812e+01  6.7931531776e+00  1.0115492639e+01
  1.3563977299e+01  7.7100544217e+00  1.1212186995e+01
  1.2442723072e+01  6.1867660028e+00  1.2834302801e+01
  1.2529611831e+01  7.2300275707e+00  1.3371183995e+01
  1.2667901505e+01  5.8022606184e+00  1.4639181088e+01
  1.2926146597e+01  7.6380918193e+00  1.5604935670e+01
  1.2259522209e+01  7.5073604607e+00 -3.3067428599e-01
  1.2951346128e+01  8.7926528435e+00  4.5682709914e-01
  1.2734600306e+01  8.0799254138e+00  2.4692812509e+00
  1.3816273958e+01  9.0191322311e+00  3.3667497473e+00
  1.2668578716e+01  7.6783542633e+00  3.8099821831e+00
  1.3051611961e+01  8.4532786402e+00  5.1178626192e+00
  1.1725443984e+01  8.5408092461e+00  5.7626160894e+00
  1.2593913942e+01  9.4896725244e+00  7.1651895532e+00
  1.2524415249e+01  8.6749987939e+00  7.8467442180e+00
  1.3531073916e+01  8.5532125125e+00  9.3460026294e+00
  1.2086035226e+01  8.5255491430e+00  1.0723999692e+01
  1.2805891149e+01  8.9345780635e+00  1.0625985577e+01
  1.1936986983e+01  8.2315338019e+00  1.2835172025e+01
  1.3317135645e+01  9.6246388519e+00  1.3697749949e+01
  1.2127716493e+01  8.0418596769e+00  1.3520687340e+01
  1.2615720234e+01  9.4206023474e+00  1.4962613253e+01
  1.2718240619e+01  1.0131236557e+01  4.5951119924e-01
  1.3548758984e+01  1.0992100160e+01  4.3019664657e-01
  1.1813131764e+01  9.5603888432e+00  1.9819880530e+00
  1.3869194714e+01  1.1275465671e+01  3.2418491666e+00
  1.1631493919e+01  9.7219686449e+00  4.0634737583e+00
  1.3198045212e+01  1.1405080480e+01  5.7407913259e+00
  1.2870094887e+01  1.0051806174e+01  5.9650916724e+00
  1.3480115039e+01  1.0973278124e+01  7.7237011961e+00
  1.2701338484e+01  1.0449958926e+01  7.7466131976e+00
  1.3439093900e+01  1.0552265430e+01  8.9021595789e+00
  1.1613127969e+01  1.0552426490e+01  1.0249154875e+01
  1.3610983435e+01  1.0917345192e+01  1.1683560698e+01
  1.1752362695e+01  9.6795338943e+00  1.1901595376e+01
  1.2739370726e+01  1.1161206198e+01  1.3731920097e+01
  1.1620351111e+01  1.0529269129e+01  1.4030026009e+01
  1.2930654933e+01  1.1807405531e+01  1.5106049953e+01
  1.1635975976e+01  1.2624517753e+01  1.3079505724e-02
  1.2856417419e+01  1.3806795193e+01  9.1787284481e-01
  1.1599036029e+01  1.2572915351e+01  2.0033390505e+00
  1.3351712598e+01  1.3281104839e+01  2.3637888130e+00
  1.2319305778e+01  1.1622206059e+01  4.4612008036e+00
  1.3706442075e+01  1.3675876882e+01  4.9550443140e+00
  1.1773397398e+01  1.1746073775e+01  6.4552420871e+00
  1.2573430938e+01  1.2884796053e+01  7.1234393122e+00
  1.1602938499e+01  1.1882364716e+01  7.8733204830e+00
  1.3492641847e+01  1.3494176739e+01  8.5697877292e+00
  1.1722512833e+01  1.2373407975e+01  1.0650028501e+01
  1.3727174681e+01  1.3148143036e+01  1.0705941625e+01
  1.1970316870e+01  1.1610816208e+01  1.2528986462e+01
  1.3663587000e+01  1.2944004773e+01  1.3665361114e+01
  1.2834681404e+01  1.1924241599e+01  1.4141565947e+01
  1.3079995272e+01  1.3804929264e+01  1.5573241903e+01
  1.2487654283e+01  1.4079700910e+01 -6.2060371690e-01
  1.3671238907e+01  1.5754656132e+01  9.7434599514e-01
  1.2878693063e+01  1.4306570781e+01  2.1155500794e+00
  1.3751045710e+01  1.5024753163e+01  2.6594133381e+00
  1.2303488908e+01  1.4098248972e+01  4.7454397339e+00
  1.3854285522e+01  1.5336242888e+01  5.3185472886e+00
  1.2725261057e+01  1.3841127646e+01  6.3438242526e+00
  1.2544408647e+01  1.5109812753e+01  7.3279860205e+00
  1.2339927975e+01  1.4299244640e+01  8.8055697453e+00
  1.2966519776e+01  1.5690926819e+01  9.6186914708e+00
  1.1543924672e+01  1.3929798122e+01  1.0139198905e+01
  1.3408793524e+01  1.4744041923e+01  1.1632488551e+01
  1.1660811286e+01  1.4664751342e+01  1.2322714558e+01
  1.2591015355e+01  1.5436083917e+01  1.3485854368e+01
  1.2060078917e+01  1.3525228383e+01  1.4241315237e+01
  1.2508115370e+01  1.5122045757e+01  1.5277365740e+01
  1.3921013148e+01  2.8206836337e-01 -5.7255964055e-01
  1.5563535618e+01  1.6213194668e+00  1.1511226867e+00
  1.4143799086e+01  1.4966671824e-01  2.7145472330e+00
  1.5728662690e+01  1.0833262674e+00  3.5406836729e+00
  1.3547866884e+01  2.1733770021e-01  4.0665296216e+00
  1.5621990523e+01  1.5493560193e+00  5.3189336405e+00
  1.4725118843e+01 -2.1547550140e-01  6.5293265628e+00
  1.5496188021e+01  1.5290901581e+00  6.7063941717e+00
  1.4237087465e+01  1.4369430466e-01  8.8124357345e+00
  1.5198993064e+01  3.2200834461e-01  9.2532625999e+00
  1.3732282532e+01  2.4178759637e-01  9.7060199839e+00
  1.5176453464e+01  1.7121439957e+00  1.1089622011e+01
  1.3686238350e+01  4.5962099512e-01  1.2140878699e+01
  1.5541617217e+01  4.3929652520e-01  1.3461175609e+01
  1.3738259253e+01 -1.4493333190e-01  1.4711769590e+01
  1.5578074517e+01  1.5519591455e+00  1.5528785603e+01
  1.3520643429e+01  2.0534526765e+00 -9.7870949289e-02
  1.4652529813e+01  3.1170461087e+00  1.4074861588e+00
  1.3889054334e+01  1.5560006812e+00  1.6287281924e+00
  1.4610446017e+01  2.7374902971e+00  3.1585587610e+00
  1.3978198784e+01  1.3695326375e+00  4.0412580690e+00
  1.4911341831e+01  3.5859035589e+00  5.3951421747e+00
  1.4909216206e+01  2.0482394229e+00  6.2176388661e+00
  1.4568050234e+01  2.8354702306e+00  7.0137990758e+00
  1.4545800883e+01  1.4120761975e+00  8.0622049673e+00
  1.5420280960e+01  2.7125893002e+00  9.7296163238e+00
  1.4247440289e+01  1.8942997958e+00  9.4655206580e+00
  1.5157755369e+01  3.7005680162e+00  1.1418700706e+01
  1.4692636564e+01  2.5082141125e+00  1.1983436751e+01
  1.5610562665e+01  2.4531739995e+00  1.3196189764e+01
  1.4330044446e+01  2.0041500572e+00  1.4910898662e+01
  1.4657019305e+01  2.8503489142e+00  1.4878463220e+01
  1.4381361713e+01  4.1622106258e+00  6.7671144361e-01
  1.5514892348e+01  5.2563669236e+00  3.9642285974e-01
  1.4799261146e+01  4.1684602409e+00  1.6506928941e+00
  1.5453184902e+01  5.3693908684e+00  3.6474103221e+00
  1.4258680614e+01  4.5928754272e+00  4.5218144486e+00
  1.5005816461e+01  5.2441802172e+00  5.7223469574e+00
  1.4759842642e+01  3.6941096988e+00  6.3478998091e+00
  1.5162656892e+01  5.7627473101e+00  7.2518645156e+00
  1.3938180632e+01  4.5810035920e+00  7.7394348540e+00
  1.5657327362e+01  4.7862717219e+00  9.6187735362e+00
  1.3778054040e+01  3.9984707726e+00  1.0701155474e+01
  1.5259976105e+01  4.4762005885e+00  1.1534751838e+01
  1.3738625712e+01  4.5549068289e+00  1.2338303049e+01
  1.4900119965e+01  4.4970722163e+00  1.2983274382e+01
  1.4796144561e+01  3.6703203569e+00  1.4295574516e+01
  1.5522032663e+01  4.4388226090e+00  1.5289573176e+01
  1.3576711786e+01  6.3844468319e+00 -9.2232212040e-03
  1.5162784713e+01  7.0599244419e+00  1.7139092739e+00
  1.4134149719e+01  6.2815492485e+00  1.3582590901e+00
  1.4736468636e+01  6.9941684550e+00  3.5321711885e+00
  1.4122321075e+01  5.4569245647e+00  3.7766243497e+00
  1.5305002100e+01  7.7973291767e+00  4.9539964338e+00
  1.4452435976e+01  6.4787673944e+00  6.6322112188e+00
  1.4740661313e+01  6.7158253250e+00  6.7940216608e+00
  1.3773603612e+01  5.6423841207e+00  7.8152277658e+00
  1.5894730520e+01  7.2289503251e+00  9.3442871502e+00
  1.4150084014e+01  6.3250176973e+00  1.0815821730e+01
  1.5005218965e+01  6.4426638866e+00  1.1169540255e+01
  1.3643239346e+01  5.9678045888e+00  1.1798546595e+01
  1.5880901760e+01  6.8513827427e+00  1.3109515251e+01
  1.4175428329e+01  6.4535270706e+00  1.4819733231e+01
  1.5033333178e+01  7.1681751819e+00  1.4560364024e+01
  1.3569989881e+01  8.3432775824e+00 -1.6819800291e-01
  1.4916559911e+01  9.5866231140e+00  5.7361981111e-01
  1.3682236949e+01  8.4179579724e+00  1.6808393093e+00
  1.4748807852e+01  8.9232026807e+00  2.5836256153e+00
  1.4463105371e+01  8.4574164939e+00  3.4934396179e+00
  1.5214735659e+01  9.5484576450e+00  4.5052820409e+00
  1.4279587768e+01  8.5828500395e+00  5.5633447041e+00
  1.5870019745e+01  9.1818499941e+00  7.4030681127e+00
  1.3873311067e+01  7.9446827838e+00  8.7111273909e+00
  1.5371752062e+01  9.2800991494e+00  9.8146563244e+00
  1.4648374823e+01  8.6707058125e+00  1.0054880886e+01
  1.5560376510e+01  8.5759920020e+00  1.0906017392e+01
  1.4224147648e+01  8.2332291165e+00  1.1491008467e+01
  1.5656366274e+01  9.6926672972e+00  1.3298136654e+01
  1.3973577324e+01  7.6113951799e+00  1.3801094939e+01
  1.5068811368e+01  9.6117900982e+00  1.5727619597e+01
  1.4010923397e+01  1.0755944871e+01 -3.0231277723e-01
  1.4562591179e+01  1.1292625811e+01  8.3857408867e-01
  1.4143419780e+01  1.0854034749e+01  2.0615236250e+00
  1.4806671794e+01  1.1716478883e+01  3.1712906978e+00
  1.4913157202e+01  1.0208036734e+01  4.1488767827e+00
  1.5110561159e+01  1.0751003824e+01  4.5260027679e+00
  1.4177922199e+01  9.9410921829e+00  5.4238873852e+00
  1.5676977698e+01  1.1679354364e+01  7.3047196030e+00
  1.4742115345e+01  1.0462238381e+01  7.7706534671e+00
  1.5684275695e+01  1.0866788553e+01  8.6937944939e+00
  1.3550251145e+01  1.0145453451e+01  1.0379388385e+01
  1.5570931749e+01  1.1196058533e+01  1.1786784052e+01
  1.4808130712e+01  9.8680590752e+00  1.1934554764e+01
  1.5032017026e+01  1.1799360070e+01  1.3445091685e+01
  1.3788367686e+01  1.0687758154e+01  1.4382645432e+01
  1.5543311608e+01  1.1345985161e+01  1.4626202695e+01
  1.4755450395e+01  1.2178932899e+01  4.5278753099e-01
  1.5282189810e+01  1.2503200914e+01  9.4546694195e-01
  1.4321063556e+01  1.1836494783e+01  2.6326744965e+00
  1.5154793262e+01  1.3083847737e+01  2.3572141900e+00
  1.3620404012e+01  1.2412666479e+01  3.7658735830e+00
  1.4658517204e+01  1.3488316323e+01  5.3660748903e+00
  1.3891508835e+01  1.2714736156e+01  6.4238910669e+00
  1.5791083942e+01  1.2960869180e+01  6.7548389928e+00
  1.3941134544e+01  1.1820475306e+01  8.6581210241e+00
  1.5120223028e+01  1.3586645876e+01  9.7174721931e+00
  1.4336732886e+01  1.2360257955e+01  1.0826039135e+01
  1.5451507602e+01  1.3459256288e+01  1.0553578055e+01
  1.3865671217e+01  1.2133465471e+01  1.2793291964e+01
  1.5048811758e+01  1.3760516923e+01  1.3587186439e+01
  1.4783198625e+01  1.2601100004e+01  1.4262895795e+01
  1.5811813549e+01  1.3495901002e+01  1.4962835056e+01
  1.4712654825e+01  1.3992284986e+01 -4.4589772032e-01
  1.5907391447e+01  1.5395751293e+01  1.1289278221e+00
  1.4166050438e+01  1.3952330990e+01  1.3811155663e+00
  1.4969343761e+01  1.5659540640e+01  3.5398359965e+00
  1.3972808181e+01  1.4050256806e+01  4.7004061268e+00
  1.5792418667e+01  1.5313572546e+01  4.6592732087e+00
  1.3851085769e+01  1.3622014375e+01  6.0087729193e+00
  1.5063445355e+01  1.5832777819e+01  6.7827970884e+00
  1.4228287021e+01  1.4744061702e+01  7.6580881139e+00
  1.4934270855e+01  1.4796294417e+01  8.6749794010e+00
  1.4912803052e+01  1.4240631271e+01  1.0256464258e+01
  1.5931789170e+01  1.5155465155e+01  1.1163042876e+01
  1.3566791113e+01  1.4438007005e+01  1.2033096019e+01
  1.4753927194e+01  1.4751024433e+01  1.3016717241e+01
  1.3924018483e+01  1.4283764701e+01  1.4853160063e+01
  1.5847805685e+01  1.4891346224e+01  1.5229612989e+01
